Sim 1

Light Normalized Radiosity: 91.40887%
Light Absorptance (heat generated by Stokes shift, Quantum Yield, non-fluorescent particles, and medium ): 8.17494%
Light Transmittance: 0.41619%
Stokes Shift Absorptance (converted to heat): 2.68229%
Quantum Yield Absorptance (converted to heat): 5.49253%
Total Fluorescent Absorptance (absorptance of photons by fluorescent particles): 21.30917%
Fluorescent Absorptance (converted to fluorescent emission): 13.36323%
Reflectance by Fluorescent Emission: 10.75672%
Non-Fluorescent Particles and Medium Absorptance (converted to heat): 0.00012%

Note: In the column headers below, the number in parentheses indicates the layer number for each attenuation coefficient (e.g., mu_s(1), mu_med(1), mu_a(1), mu_af(1) for layer 1)
Note: The units are based on micrometer
Wavelength	Normalized Radiosity	Absorptance	Transmittance	Stokes Shift Absorptance	Quantum Yield Absorptance	Total Fluorescent Absorptance	Reflectance (via fluorescent emission)	Fluorescent Absorptance	Non-Fluorescent Particles/Medium Absorptance	n_medium(1)	k_medium(1)	mu_a(non-fluorescent)(1)	mu_a(medium)(1)	mu_s(1)	g(1)	Thickness(1)	mu_a(fluorescent)1(1)	mu_a(fluorescent)2(1)
310.0	0.6335	0.1585	0.0	0.0966	0.068	0.3654	0.0	0.1579	0.0011	1.52412	1e-06	4.1e-05	1e-05	12.044892	0.83000367	500.0	0.000822	0.014569	
315.0	0.6243	0.1588	0.0	0.0929	0.0718	0.375	0.0	0.1642	0.0007	1.522519	0.0	2.7e-05	6e-06	11.991617	0.83325769	500.0	0.000846	0.015441	
320.0	0.621	0.1582	0.0	0.0951	0.0693	0.3784	0.0	0.17	0.0006	1.520989	0.0	1.5e-05	4e-06	12.04073	0.83819472	500.0	0.000795	0.016141	
325.0	0.6057	0.1625	0.0	0.0954	0.0741	0.3943	0.0	0.1787	0.0	1.51955	0.0	6e-06	2e-06	12.136923	0.84361041	500.0	0.000812	0.016665	
330.0	0.5982	0.1676	0.0	0.0973	0.0775	0.4018	0.0	0.1836	0.0	1.5182	0.0	2e-06	0.0	12.208154	0.84840156	500.0	0.000903	0.017451	
335.0	0.5957	0.1705	0.0	0.0943	0.0832	0.4043	0.0	0.1844	0.0	1.516918	0.0	0.0	0.0	12.193908	0.85193179	500.0	0.001022	0.018131	
340.0	0.5897	0.1681	0.0	0.0948	0.0794	0.4103	0.0	0.1932	0.0	1.51574	0.0	0.0	0.0	12.076409	0.85366111	500.0	0.001201	0.018903	
345.0	0.5718	0.1742	0.0	0.0987	0.0828	0.4282	0.0	0.2044	0.0	1.51457	0.0	0.0	0.0	11.876651	0.85388427	500.0	0.001472	0.01947	
350.0	0.5634	0.1702	0.0	0.0972	0.0805	0.4366	0.0	0.2141	0.0	1.5135	0.0	0.0	0.0	11.649843	0.85303277	500.0	0.001675	0.019951	
355.0	0.5678	0.1713	0.0	0.0974	0.0806	0.4322	0.0	0.2137	0.0	1.512496	0.0	0.0	0.0	11.441406	0.85169971	500.0	0.001638	0.020257	
360.0	0.5682	0.1635	0.0	0.0924	0.0776	0.4318	0.0	0.2191	0.0	1.51152	0.0	0.0	0.0	11.268785	0.85041864	500.0	0.001495	0.020471	
365.0	0.5666	0.1674	0.0	0.0912	0.0827	0.4334	0.0	0.2196	0.0	1.510581	0.0	0.0	0.0	11.135026	0.84944179	500.0	0.001222	0.020626	
370.0	0.5592	0.1701	0.0	0.0901	0.0861	0.4408	0.0	0.2255	0.0	1.509755	0.0	0.0	0.0	11.019562	0.84905949	500.0	0.000959	0.020742	
375.0	0.5636	0.1661	0.0	0.0862	0.0858	0.4364	0.0	0.2254	0.0	1.508901	0.0	0.0	0.0	10.908689	0.84920774	500.0	0.000878	0.02085	
380.0	0.5587	0.1677	0.0	0.0861	0.0873	0.4413	0.0	0.2309	0.0	1.508134	0.0	0.0	0.0	10.786857	0.84979094	500.0	0.000886	0.020933	
385.0	0.5591	0.1624	0.0	0.0836	0.0857	0.4409	0.0	0.235	0.0	1.50742	0.0	0.0	0.0	10.638317	0.85068957	500.0	0.000972	0.020977	
390.0	0.5428	0.1674	0.0	0.0846	0.0881	0.4572	0.0	0.2468	0.0	1.506703	0.0	0.0	0.0	10.464668	0.85159775	500.0	0.001021	0.021022	
395.0	0.5487	0.1672	0.0	0.081	0.0926	0.4513	0.0	0.2434	0.0	1.50605	0.0	0.0	0.0	10.266987	0.85234258	500.0	0.001081	0.021166	
400.0	0.5475	0.1638	0.0	0.0803	0.089	0.4525	0.0	0.2495	0.0	1.505408	0.0	0.0	0.0	10.052016	0.85278838	500.0	0.001164	0.021287	
405.0	0.5387	0.163	0.0	0.079	0.0899	0.4613	0.0	0.2581	0.0	1.504801	0.0	0.0	0.0	9.8347	0.85280727	500.0	0.0012	0.021314	
410.0	0.5315	0.1659	0.0	0.0778	0.0933	0.4685	0.0	0.2638	0.0	1.504205	0.0	0.0	0.0	9.623598	0.8523918	500.0	0.001152	0.021274	
415.0	0.5277	0.1627	0.0	0.0757	0.0923	0.4723	0.0	0.2706	0.0	1.503616	0.0	0.0	0.0	9.422463	0.85159167	500.0	0.001153	0.021381	
420.0	0.5302	0.1583	0.0	0.0745	0.0895	0.4698	0.0	0.274	0.0	1.50309	0.0	0.0	0.0	9.236895	0.85045713	500.0	0.00121	0.02146	
425.0	0.53	0.16	0.0	0.071	0.0937	0.4701	0.0	0.2743	0.0	1.502587	0.0	0.0	0.0	9.066278	0.84907837	500.0	0.001173	0.021244	
430.0	0.5301	0.1547	0.0	0.0693	0.0899	0.4699	0.0	0.2804	0.0	1.502113	0.0	0.0	0.0	8.905333	0.84756752	500.0	0.001152	0.02098	
435.0	0.5321	0.1554	0.0	0.0668	0.0931	0.4679	0.0	0.2803	0.0	1.501656	0.0	0.0	0.0	8.753914	0.84596003	500.0	0.00113	0.020998	
440.0	0.5277	0.1534	0.0	0.0654	0.092	0.4724	0.0	0.2872	0.0	1.501219	0.0	0.0	0.0	8.607686	0.84431769	500.0	0.001216	0.021237	
445.0	0.5221	0.1503	0.0	0.0632	0.0911	0.4779	0.0	0.2956	0.0	1.500807	0.0	0.0	0.0	8.460539	0.84270859	500.0	0.001316	0.021797	
450.0	0.5199	0.1495	0.0	0.0635	0.09	0.4801	0.0	0.301	0.0	1.500407	0.0	0.0	0.0	8.312414	0.8411377	500.0	0.001314	0.022101	
455.0	0.5224	0.1425	0.0	0.0602	0.0861	0.4776	0.0	0.3058	0.0	1.500041	0.0	0.0	0.0	8.163419	0.83958566	500.0	0.001507	0.021629	
460.0	0.519	0.142	0.0	0.0574	0.088	0.481	0.0	0.3107	0.0	1.499675	0.0	0.0	0.0	8.009756	0.83806085	500.0	0.001653	0.020772	
465.0	0.521	0.1427	0.0	0.0557	0.0906	0.479	0.0	0.31	0.0	1.499309	0.0	0.0	0.0	7.850105	0.83653089	500.0	0.001768	0.020886	
470.0	0.5165	0.1384	0.0	0.0537	0.088	0.4835	0.0	0.3193	0.0	1.498943	0.0	0.0	0.0	7.691118	0.83494083	500.0	0.002004	0.021182	
475.0	0.5197	0.131	0.0	0.0524	0.0817	0.4803	0.0	0.3247	0.0	1.498618	0.0	0.0	0.0	7.529707	0.83333034	500.0	0.002094	0.020652	
480.0	0.5188	0.1332	0.0	0.0476	0.0881	0.4812	0.0	0.3237	0.0	1.498298	0.0	0.0	0.0	7.368343	0.83167641	500.0	0.002159	0.019473	
485.0	0.536	0.1261	0.0	0.0436	0.0852	0.464	0.0	0.3156	0.0	1.49801	0.0	0.0	0.0	7.210492	0.82998172	500.0	0.002383	0.018225	
490.0	0.5399	0.1227	0.0	0.0425	0.0834	0.4601	0.0	0.3169	0.0	1.497735	0.0	0.0	0.0	7.057477	0.82826551	500.0	0.002507	0.016978	
495.0	0.5416	0.1214	0.0	0.04	0.0843	0.4583	0.0	0.3179	0.0	1.497461	0.0	0.0	0.0	6.9093	0.82655706	500.0	0.002658	0.015955	
500.0	0.5426	0.116	0.0	0.0369	0.0815	0.4574	0.0	0.3226	0.0	1.497186	0.0	0.0	0.0	6.766913	0.82488893	500.0	0.002716	0.015182	
505.0	0.5552	0.1139	0.0	0.0347	0.0812	0.4448	0.0	0.3147	0.0	1.496912	0.0	0.0	0.0	6.633747	0.82326757	500.0	0.002857	0.01429	
510.0	0.5497	0.1084	0.0	0.0339	0.0766	0.4504	0.0	0.3264	0.0	1.496637	0.0	0.0	0.0	6.50682	0.82173789	500.0	0.002939	0.013494	
515.0	0.5526	0.0996	0.0	0.0304	0.0712	0.4474	0.0	0.3327	0.0	1.496369	0.0	0.0	0.0	6.385433	0.82031363	500.0	0.003081	0.012687	
520.0	0.562	0.0992	0.0	0.028	0.0728	0.438	0.0	0.3261	0.0	1.49614	0.0	0.0	0.0	6.268997	0.81900979	500.0	0.003177	0.01191	
525.0	0.568	0.0933	0.0	0.0257	0.0691	0.432	0.0	0.3275	0.0	1.495918	0.0	0.0	0.0	6.158837	0.81780145	500.0	0.003245	0.011129	
530.0	0.5805	0.0876	0.0	0.023	0.0659	0.4195	0.0	0.3216	0.0	1.495726	0.0	0.0	0.0	6.051425	0.81670472	500.0	0.003266	0.010331	
535.0	0.6815	0.165	0.0	0.041	0.1247	0.4708	0.0933	0.3176	0.0	1.495544	0.0	0.0	0.0	5.946543	0.81569719	500.0	0.003279	0.009497	
540.0	0.7685	0.2275	0.0	0.0587	0.1691	0.5206	0.1792	0.3257	0.0	1.495361	0.0	0.0	0.0	5.844687	0.81475421	500.0	0.003227	0.00866	
545.0	0.8825	0.2944	0.0	0.0735	0.2195	0.5578	0.28	0.3162	0.0	1.495178	0.0	0.0	0.0	5.745395	0.81385626	500.0	0.003206	0.007805	
550.0	0.9815	0.3439	0.0002	0.0872	0.2528	0.5881	0.3721	0.3165	0.0	1.494995	0.0	0.0	0.0	5.646577	0.81299951	500.0	0.003106	0.006927	
555.0	1.0694	0.3608	0.0	0.0942	0.2611	0.5919	0.4538	0.3153	0.0	1.494812	0.0	0.0	0.0	5.54799	0.81213705	500.0	0.003104	0.006118	
560.0	1.1255	0.3767	0.0002	0.0941	0.2743	0.5858	0.4869	0.2994	0.0	1.494629	0.0	0.0	0.0	5.45031	0.81122654	500.0	0.002999	0.005421	
565.0	1.1324	0.3701	0.0	0.0937	0.2662	0.5831	0.5031	0.3069	0.0	1.494446	0.0	0.0	0.0	5.354083	0.81023215	500.0	0.002945	0.004845	
570.0	1.1675	0.3537	0.0	0.0883	0.2553	0.5614	0.5194	0.3	0.0	1.494272	0.0	0.0	0.0	5.258021	0.80914411	500.0	0.002784	0.004277	
575.0	1.1923	0.3247	0.0002	0.0792	0.2343	0.5222	0.5247	0.2841	0.0	1.494135	0.0	0.0	0.0	5.161009	0.80804364	500.0	0.002422	0.003676	
580.0	1.2114	0.2947	0.0001	0.0715	0.2121	0.4779	0.5179	0.2646	0.0	1.493998	0.0	0.0	0.0	5.064235	0.80687732	500.0	0.00204	0.003037	
585.0	1.2487	0.2537	0.0	0.0564	0.186	0.4225	0.5253	0.2371	0.0	1.493861	0.0	0.0	0.0	4.968619	0.80555314	500.0	0.001453	0.002348	
590.0	1.2671	0.2249	0.0001	0.0474	0.1659	0.3847	0.523	0.2214	0.0	1.493723	0.0	0.0	0.0	4.874392	0.80394193	500.0	0.000968	0.001888	
595.0	1.2853	0.202	0.0002	0.0368	0.1537	0.3441	0.507	0.1943	0.0	1.493586	0.0	0.0	0.0	4.781324	0.80214645	500.0	0.000624	0.00144	
600.0	1.5439	0.0622	0.0006	0.0151	0.0452	0.1419	0.6484	0.0996	0.0	1.493449	0.0	0.0	0.0	4.689127	0.80037036	500.0	0.000262	8.7e-05	
605.0	1.5599	0.0238	0.0025	0.0085	0.0157	0.0818	0.6286	0.0686	0.0	1.493312	0.0	0.0	0.0	4.597436	0.79837545	500.0	0.000147	0.0	
610.0	1.4733	0.0186	0.0017	0.0066	0.012	0.0739	0.538	0.0647	0.0	1.493174	0.0	0.0	0.0	4.507931	0.79599837	500.0	0.000124	0.0	
615.0	1.3786	0.0178	0.0014	0.0046	0.0124	0.0725	0.4412	0.0636	0.0	1.493059	0.0	0.0	0.0	4.421202	0.79344884	500.0	0.00012	0.0	
620.0	1.3245	0.0136	0.0011	0.0042	0.009	0.0688	0.3866	0.0637	0.0	1.492967	0.0	0.0	0.0	4.33373	0.79096113	500.0	0.000118	0.0	
625.0	1.2713	0.011	0.0013	0.0028	0.0077	0.0662	0.3314	0.0628	0.0	1.492847	0.0	0.0	0.0	4.249593	0.78812625	500.0	9.6e-05	0.0	
630.0	1.2275	0.0099	0.0013	0.0026	0.0068	0.0573	0.2795	0.0545	0.0	1.492723	0.0	0.0	0.0	4.170764	0.78489295	500.0	9.9e-05	0.0	
635.0	1.1752	0.0085	0.0011	0.0017	0.0061	0.0598	0.2315	0.0586	0.0	1.492612	0.0	0.0	0.0	4.091449	0.78191112	500.0	9.7e-05	0.0	
640.0	1.1618	0.0066	0.0013	0.0009	0.0052	0.048	0.207	0.0471	0.0	1.492507	0.0	0.0	0.0	4.013944	0.77862989	500.0	7.6e-05	0.0	
645.0	1.1156	0.0062	0.0014	0.0004	0.0049	0.0573	0.1698	0.0579	0.0	1.492409	0.0	0.0	0.0	3.942195	0.77501438	500.0	7.6e-05	0.0	
650.0	1.1113	0.0047	0.0009	0.0003	0.0037	0.0479	0.1571	0.0492	0.0	1.492318	0.0	0.0	0.0	3.869978	0.77169687	500.0	7.2e-05	0.0	
655.0	1.1045	0.0041	0.0016	-0.0	0.0035	0.0439	0.1467	0.0456	0.0	1.492226	0.0	0.0	0.0	3.800705	0.76803032	500.0	5.6e-05	0.0	
660.0	1.076	0.0034	0.0014	0.0	0.0028	0.0438	0.1192	0.0465	0.0	1.492135	0.0	0.0	0.0	3.736143	0.76432897	500.0	5.2e-05	0.0	
665.0	1.0664	0.0033	0.0019	0.0001	0.0024	0.0419	0.1066	0.0451	0.0	1.492043	0.0	0.0	0.0	3.670381	0.76083882	500.0	4.7e-05	0.0	
670.0	1.0627	0.0037	0.002	-0.0005	0.003	0.0377	0.0998	0.0399	0.0	1.491952	0.0	0.0	0.0	3.60983	0.75704027	500.0	3.7e-05	0.0	
675.0	1.059	0.0025	0.0024	-0.0006	0.0023	0.036	0.0947	0.039	0.0	1.491861	0.0	0.0	0.0	3.549378	0.75367683	500.0	3.1e-05	0.0	
680.0	1.0586	0.0023	0.0021	-0.0005	0.0021	0.0315	0.0904	0.0342	0.0	1.491769	0.0	0.0	0.0	3.492271	0.74990165	500.0	2.6e-05	0.0	
685.0	1.0638	0.0019	0.0045	-0.0002	0.0019	0.0269	0.0913	0.0293	0.0	1.491678	0.0	0.0	0.0	3.437733	0.74644946	500.0	2e-05	0.0	
690.0	1.0717	0.001	0.0074	-0.0003	0.0008	0.0185	0.0926	0.021	0.0	1.491612	0.0	0.0	0.0	3.382536	0.74304147	500.0	1.2e-05	0.0	
695.0	1.0722	0.001	0.0082	-0.0003	0.0009	0.0107	0.0863	0.0116	0.0	1.491552	0.0	0.0	0.0	3.330863	0.73988699	500.0	6e-06	0.0	
700.0	1.0697	0.0006	0.011	-0.0002	0.0005	0.0054	0.0801	0.0059	0.0	1.491481	0.0	0.0	0.0	3.278769	0.73684303	500.0	3e-06	0.0	
705.0	1.0459	0.0002	0.0112	-0.0001	0.0002	0.0022	0.0547	0.0024	0.0	1.491404	0.0	0.0	0.0	3.230727	0.73377128	500.0	1e-06	0.0	
710.0	0.993	0.0	0.007	0.0	0.0	0.0	0.0	0.0	0.0	1.491334	0.0	0.0	0.0	3.181457	0.7311439	500.0	0.0	0.0	
715.0	0.9919	0.0	0.0081	0.0	0.0	0.0	0.0	0.0	0.0	1.491275	0.0	0.0	0.0	3.136019	0.72821359	500.0	0.0	0.0	
720.0	0.9929	0.0	0.0071	0.0	0.0	0.0	0.0	0.0	0.0	1.491219	0.0	0.0	0.0	3.089115	0.72589942	500.0	0.0	0.0	
725.0	0.9924	0.0	0.0076	0.0	0.0	0.0	0.0	0.0	0.0	1.491173	0.0	0.0	0.0	3.044786	0.72347657	500.0	0.0	0.0	
730.0	0.9936	0.0	0.0064	0.0	0.0	0.0	0.0	0.0	0.0	1.491125	0.0	0.0	0.0	3.000123	0.72153771	500.0	0.0	0.0	
735.0	0.9922	0.0	0.0078	0.0	0.0	0.0	0.0	0.0	0.0	1.491047	0.0	0.0	0.0	2.958661	0.7192924	500.0	0.0	0.0	
740.0	0.9912	0.0	0.0088	0.0	0.0	0.0	0.0	0.0	0.0	1.49097	0.0	0.0	0.0	2.915725	0.71763631	500.0	0.0	0.0	
745.0	0.9928	0.0	0.0072	0.0	0.0	0.0	0.0	0.0	0.0	1.490908	0.0	0.0	0.0	2.874704	0.71591799	500.0	0.0	0.0	
750.0	0.9916	0.0	0.0084	0.0	0.0	0.0	0.0	0.0	0.0	1.490848	0.0	0.0	0.0	2.832708	0.71459751	500.0	0.0	0.0	
755.0	0.9926	0.0	0.0074	0.0	0.0	0.0	0.0	0.0	0.0	1.490798	0.0	0.0	0.0	2.793736	0.71309524	500.0	0.0	0.0	
760.0	0.9927	0.0	0.0073	0.0	0.0	0.0	0.0	0.0	0.0	1.490753	0.0	0.0	0.0	2.752448	0.71194001	500.0	0.0	0.0	
765.0	0.9924	0.0	0.0076	0.0	0.0	0.0	0.0	0.0	0.0	1.490707	0.0	0.0	0.0	2.713478	0.71095268	500.0	0.0	0.0	
770.0	0.9937	0.0	0.0063	0.0	0.0	0.0	0.0	0.0	0.0	1.490661	0.0	0.0	0.0	2.672797	0.71001954	500.0	0.0	0.0	
775.0	0.9909	0.0	0.0091	0.0	0.0	0.0	0.0	0.0	0.0	1.490615	0.0	0.0	0.0	2.635036	0.70924475	500.0	0.0	0.0	
780.0	0.991	0.0	0.009	0.0	0.0	0.0	0.0	0.0	0.0	1.49057	0.0	0.0	0.0	2.596022	0.70829757	500.0	0.0	0.0	
785.0	0.9919	0.0	0.0081	0.0	0.0	0.0	0.0	0.0	0.0	1.490524	0.0	0.0	0.0	2.557612	0.70784032	500.0	0.0	0.0	
790.0	0.9911	0.0	0.0089	0.0	0.0	0.0	0.0	0.0	0.0	1.490478	0.0	0.0	0.0	2.520407	0.70698871	500.0	0.0	0.0	
795.0	0.9913	0.0	0.0087	0.0	0.0	0.0	0.0	0.0	0.0	1.490433	0.0	0.0	0.0	2.482544	0.70638058	500.0	0.0	0.0	
800.0	0.9892	0.0	0.0108	0.0	0.0	0.0	0.0	0.0	0.0	1.490387	0.0	0.0	0.0	2.444641	0.70628816	500.0	0.0	0.0	
805.0	0.9922	0.0	0.0078	0.0	0.0	0.0	0.0	0.0	0.0	1.490341	0.0	0.0	0.0	2.406107	0.70579257	500.0	0.0	0.0	
810.0	0.9914	0.0	0.0086	0.0	0.0	0.0	0.0	0.0	0.0	1.490295	0.0	0.0	0.0	2.36934	0.70555914	500.0	0.0	0.0	
815.0	0.9898	0.0	0.0102	0.0	0.0	0.0	0.0	0.0	0.0	1.49025	0.0	0.0	0.0	2.332374	0.70503813	500.0	0.0	0.0	
820.0	0.9882	0.0	0.0118	0.0	0.0	0.0	0.0	0.0	0.0	1.490204	0.0	0.0	0.0	2.295371	0.70484027	500.0	0.0	0.0	
825.0	0.991	0.0	0.009	0.0	0.0	0.0	0.0	0.0	0.0	1.490158	0.0	0.0	0.0	2.260201	0.70435235	500.0	0.0	0.0	
830.0	0.9908	0.0	0.0092	0.0	0.0	0.0	0.0	0.0	0.0	1.490112	0.0	0.0	0.0	2.223166	0.70384887	500.0	0.0	0.0	
835.0	0.9883	0.0	0.0117	0.0	0.0	0.0	0.0	0.0	0.0	1.490067	0.0	0.0	0.0	2.187532	0.70361122	500.0	0.0	0.0	
840.0	0.9899	0.0	0.0101	0.0	0.0	0.0	0.0	0.0	0.0	1.490028	0.0	0.0	0.0	2.152577	0.70292157	500.0	0.0	0.0	
845.0	0.9902	0.0	0.0098	0.0	0.0	0.0	0.0	0.0	0.0	1.490014	0.0	0.0	0.0	2.116676	0.70251756	500.0	0.0	0.0	
850.0	0.9905	0.0	0.0095	0.0	0.0	0.0	0.0	0.0	0.0	1.489999	0.0	0.0	0.0	2.082495	0.70210504	500.0	0.0	0.0	
855.0	0.9897	0.0	0.0103	0.0	0.0	0.0	0.0	0.0	0.0	1.489967	0.0	0.0	0.0	2.04785	0.70124904	500.0	0.0	0.0	
860.0	0.9903	0.0	0.0097	0.0	0.0	0.0	0.0	0.0	0.0	1.489936	0.0	0.0	0.0	2.013455	0.70068645	500.0	0.0	0.0	
865.0	0.9904	0.0	0.0096	0.0	0.0	0.0	0.0	0.0	0.0	1.489892	0.0	0.0	0.0	1.980908	0.69992772	500.0	0.0	0.0	
870.0	0.9893	0.0	0.0107	0.0	0.0	0.0	0.0	0.0	0.0	1.489846	0.0	0.0	0.0	1.947306	0.69905665	500.0	0.0	0.0	
875.0	0.9884	0.0	0.0116	0.0	0.0	0.0	0.0	0.0	0.0	1.489822	0.0	0.0	0.0	1.915091	0.69827714	500.0	0.0	0.0	
880.0	0.9895	0.0	0.0105	0.0	0.0	0.0	0.0	0.0	0.0	1.489807	0.0	0.0	0.0	1.88546	0.69663086	500.0	0.0	0.0	
885.0	0.9897	0.0	0.0103	0.0	0.0	0.0	0.0	0.0	0.0	1.489785	0.0	0.0	0.0	1.852356	0.6957371	500.0	0.0	0.0	
890.0	0.9869	0.0	0.0131	0.0	0.0	0.0	0.0	0.0	0.0	1.489753	0.0	0.0	0.0	1.821023	0.69481869	500.0	0.0	0.0	
895.0	0.989	0.0	0.011	0.0	0.0	0.0	0.0	0.0	0.0	1.489727	0.0	0.0	0.0	1.793057	0.69279618	500.0	0.0	0.0	
900.0	0.9861	0.0	0.0139	0.0	0.0	0.0	0.0	0.0	0.0	1.489713	0.0	0.0	0.0	1.761761	0.69179448	500.0	0.0	0.0	
905.0	0.9883	0.0	0.0117	0.0	0.0	0.0	0.0	0.0	0.0	1.489697	0.0	0.0	0.0	1.732276	0.69071121	500.0	0.0	0.0	
910.0	0.9905	0.0	0.0095	0.0	0.0	0.0	0.0	0.0	0.0	1.489665	0.0	0.0	0.0	1.706743	0.68821344	500.0	0.0	0.0	
915.0	0.9873	0.0	0.0127	0.0	0.0	0.0	0.0	0.0	0.0	1.489634	0.0	0.0	0.0	1.67722	0.68686618	500.0	0.0	0.0	
920.0	0.9893	0.0	0.0107	0.0	0.0	0.0	0.0	0.0	0.0	1.489589	0.0	0.0	0.0	1.649382	0.68539795	500.0	0.0	0.0	
925.0	0.9877	0.0	0.0123	0.0	0.0	0.0	0.0	0.0	0.0	1.489543	0.0	0.0	0.0	1.624631	0.68310723	500.0	0.0	0.0	
930.0	0.9881	0.0	0.0119	0.0	0.0	0.0	0.0	0.0	0.0	1.489521	0.0	0.0	0.0	1.597447	0.68139923	500.0	0.0	0.0	
935.0	0.9867	0.0	0.0133	0.0	0.0	0.0	0.0	0.0	0.0	1.489506	0.0	0.0	0.0	1.571892	0.67945845	500.0	0.0	0.0	
940.0	0.9855	0.0	0.0145	0.0	0.0	0.0	0.0	0.0	0.0	1.489483	0.0	0.0	0.0	1.548552	0.67714851	500.0	0.0	0.0	
945.0	0.9895	0.0	0.0105	0.0	0.0	0.0	0.0	0.0	0.0	1.489451	0.0	0.0	0.0	1.524502	0.67469685	500.0	0.0	0.0	
950.0	0.9887	0.0	0.0113	0.0	0.0	0.0	0.0	0.0	0.0	1.489426	0.0	0.0	0.0	1.500607	0.67223327	500.0	0.0	0.0	
955.0	0.9868	0.0	0.0132	0.0	0.0	0.0	0.0	0.0	0.0	1.489412	0.0	0.0	0.0	1.477825	0.67001188	500.0	0.0	0.0	
960.0	0.9863	0.0	0.0137	0.0	0.0	0.0	0.0	0.0	0.0	1.4894	0.0	0.0	0.0	1.456396	0.66709666	500.0	0.0	0.0	
965.0	0.9871	0.0	0.0129	0.0	0.0	0.0	0.0	0.0	0.0	1.4894	0.0	0.0	0.0	1.435693	0.66379691	500.0	0.0	0.0	
970.0	0.9882	0.0	0.0118	0.0	0.0	0.0	0.0	0.0	0.0	1.4894	0.0	0.0	0.0	1.412658	0.66217854	500.0	0.0	0.0	
975.0	0.9869	0.0	0.0131	0.0	0.0	0.0	0.0	0.0	0.0	1.489369	0.0	0.0	0.0	1.394261	0.65893714	500.0	0.0	0.0	
980.0	0.987	0.0	0.013	0.0	0.0	0.0	0.0	0.0	0.0	1.489337	0.0	0.0	0.0	1.373551	0.65620693	500.0	0.0	0.0	
985.0	0.9855	0.0	0.0145	0.0	0.0	0.0	0.0	0.0	0.0	1.48932	0.0	0.0	0.0	1.353517	0.65318252	500.0	0.0	0.0	
990.0	0.9863	0.0	0.0137	0.0	0.0	0.0	0.0	0.0	0.0	1.489305	0.0	0.0	0.0	1.334627	0.65043168	500.0	0.0	0.0	
995.0	0.9851	0.0	0.0149	0.0	0.0	0.0	0.0	0.0	0.0	1.489281	0.0	0.0	0.0	1.317853	0.64671731	500.0	0.0	0.0	

Input file:
mc
output:multiple_fluor_pigments_example
particle1:bsr_red.txt
particle2:cals_red.txt
particle3:y2o3.txt
matrix1:acrylic.txt
mesh:1
light:am15.txt
emit1:bsr_emis.txt
excit_start_end1:312,900
emit2:cals_emis.txt
excit_start_end2:312,900
qy1:bsr_qy.txt
qy2:cals_qy.txt
photons:10000
start:310
end:1000
interval:5
number_of_sims_uncertainty:30

sim:1
upper:1
lower:1
layer1
matrix1
t:500
particle1
fluor:1
d:5
vf:1
std:0.0
particle2
fluor:1
d:10
vf:10
std:0.0
particle3
fluor:0
d:0.4
vf:50
std:0.0
