Sim 3

Light Normalized Radiosity: 88.45582%
Light Absorptance (heat generated by Stokes shift, Quantum Yield, non-fluorescent particles, and medium ): 11.21764%
Light Transmittance: 0.32653%
Stokes Shift Absorptance (converted to heat): 4.08935%
Quantum Yield Absorptance (converted to heat): 7.12826%
Total Fluorescent Absorptance (absorptance of photons by fluorescent particles): 34.88426%
Fluorescent Absorptance (converted to fluorescent emission): 24.403%
Reflectance by Fluorescent Emission: 18.8249%
Non-Fluorescent Particles and Medium Absorptance (converted to heat): 4e-05%

Note: In the column headers below, the number in parentheses indicates the layer number for each attenuation coefficient (e.g., mu_s(1), mu_med(1), mu_a(1), mu_af(1) for layer 1)
Note: The units are based on micrometer
Wavelength	Normalized Radiosity	Absorptance	Transmittance	Stokes Shift Absorptance	Quantum Yield Absorptance	Total Fluorescent Absorptance	Reflectance (via fluorescent emission)	Fluorescent Absorptance	Non-Fluorescent Particles/Medium Absorptance	n_medium(1)	k_medium(1)	mu_a(non-fluorescent)(1)	mu_a(medium)(1)	mu_s(1)	g(1)	Thickness(1)	mu_a(fluorescent)1(1)	mu_a(fluorescent)2(1)
310.0	0.5334	0.1304	0.0	0.0858	0.0506	0.4666	0.0	0.2211	0.0	1.52412	1e-06	4.3e-05	5e-06	12.8681	0.83158058	500.0	0.017276	0.015318	
315.0	0.5289	0.1342	0.0	0.086	0.054	0.4711	0.0	0.2254	0.0	1.522519	0.0	2.8e-05	3e-06	12.814497	0.83463731	500.0	0.017783	0.016235	
320.0	0.5327	0.1303	0.0	0.0809	0.0553	0.4671	0.0	0.226	0.0002	1.520989	0.0	1.6e-05	2e-06	12.862002	0.83956208	500.0	0.016707	0.016971	
325.0	0.5094	0.1381	0.0	0.0825	0.0604	0.4906	0.0	0.24	0.0	1.51955	0.0	7e-06	1e-06	12.961775	0.84488544	500.0	0.017072	0.017521	
330.0	0.508	0.1348	0.0	0.0823	0.0577	0.492	0.0	0.2461	0.0001	1.5182	0.0	2e-06	0.0	13.034205	0.84944624	500.0	0.018987	0.018348	
335.0	0.4972	0.1371	0.0	0.0839	0.0598	0.5027	0.0	0.2548	0.0	1.516918	0.0	0.0	0.0	13.011029	0.85284468	500.0	0.021499	0.019062	
340.0	0.472	0.1408	0.0	0.0909	0.0561	0.528	0.0	0.2751	0.0	1.51574	0.0	0.0	0.0	12.87782	0.85458174	500.0	0.025247	0.019874	
345.0	0.4481	0.1417	0.0	0.0913	0.0563	0.5518	0.0	0.2937	0.0	1.51457	0.0	0.0	0.0	12.658476	0.85482509	500.0	0.030959	0.02047	
350.0	0.4323	0.1445	0.0	0.097	0.0535	0.5677	0.0	0.3087	0.0	1.5135	0.0	0.0	0.0	12.413389	0.85397852	500.0	0.035231	0.020976	
355.0	0.4321	0.148	0.0	0.0953	0.0584	0.568	0.0	0.3103	0.0	1.512496	0.0	0.0	0.0	12.193181	0.85263294	500.0	0.034443	0.021298	
360.0	0.4357	0.1399	0.0	0.0893	0.0568	0.5643	0.0	0.3138	0.0	1.51152	0.0	0.0	0.0	12.013246	0.85133809	500.0	0.031428	0.021523	
365.0	0.4496	0.1434	0.0	0.0834	0.0649	0.5504	0.0	0.3035	0.0	1.510581	0.0	0.0	0.0	11.877075	0.85034509	500.0	0.025688	0.021686	
370.0	0.4699	0.1331	0.0	0.0776	0.0611	0.5301	0.0	0.2979	0.0	1.509755	0.0	0.0	0.0	11.760998	0.84995434	500.0	0.020166	0.021808	
375.0	0.4704	0.1347	0.0	0.0721	0.0679	0.5296	0.0	0.2975	0.0	1.508901	0.0	0.0	0.0	11.647537	0.85012927	500.0	0.01847	0.021922	
380.0	0.4775	0.1333	0.0	0.0711	0.0658	0.5225	0.0	0.2977	0.0	1.508134	0.0	0.0	0.0	11.522054	0.85074968	500.0	0.01862	0.022008	
385.0	0.4629	0.1319	0.0	0.0724	0.0649	0.5371	0.0	0.3118	0.0	1.50742	0.0	0.0	0.0	11.368056	0.85167916	500.0	0.020438	0.022055	
390.0	0.4615	0.1279	0.0	0.0694	0.0635	0.5385	0.0	0.3179	0.0	1.506703	0.0	0.0	0.0	11.187428	0.85264291	500.0	0.021459	0.022102	
395.0	0.4504	0.1308	0.0	0.0724	0.0631	0.5496	0.0	0.3299	0.0	1.50605	0.0	0.0	0.0	10.982598	0.85342228	500.0	0.022739	0.022254	
400.0	0.4403	0.1311	0.0	0.07	0.0654	0.5597	0.0	0.3391	0.0	1.505408	0.0	0.0	0.0	10.761013	0.85389683	500.0	0.024478	0.022381	
405.0	0.4318	0.1308	0.0	0.0677	0.0675	0.5683	0.0	0.3482	0.0	1.504801	0.0	0.0	0.0	10.537701	0.85399182	500.0	0.025239	0.022409	
410.0	0.4385	0.1281	0.0	0.0668	0.0659	0.5615	0.0	0.3482	0.0	1.504205	0.0	0.0	0.0	10.318575	0.85372425	500.0	0.024225	0.022367	
415.0	0.4266	0.1277	0.0	0.0664	0.0657	0.5734	0.0	0.3613	0.0	1.503616	0.0	0.0	0.0	10.107671	0.85303099	500.0	0.024246	0.022479	
420.0	0.4269	0.1259	0.0	0.0648	0.0657	0.5731	0.0	0.3658	0.0	1.50309	0.0	0.0	0.0	9.913358	0.8519014	500.0	0.025435	0.022563	
425.0	0.429	0.1228	0.0	0.0618	0.0649	0.571	0.0	0.3688	0.0	1.502587	0.0	0.0	0.0	9.736283	0.85054543	500.0	0.024662	0.022336	
430.0	0.4257	0.1262	0.0	0.0609	0.0688	0.5743	0.0	0.3726	0.0	1.502113	0.0	0.0	0.0	9.568057	0.84913708	500.0	0.024216	0.022058	
435.0	0.4234	0.1214	0.0	0.0593	0.0666	0.5766	0.0	0.3803	0.0	1.501656	0.0	0.0	0.0	9.405137	0.84761664	500.0	0.02377	0.022078	
440.0	0.423	0.1215	0.0	0.0564	0.0688	0.577	0.0	0.3835	0.0	1.501219	0.0	0.0	0.0	9.248493	0.84590451	500.0	0.025563	0.022329	
445.0	0.4136	0.1189	0.0	0.0552	0.0672	0.5864	0.0	0.3964	0.0	1.500807	0.0	0.0	0.0	9.091864	0.84429018	500.0	0.027678	0.022917	
450.0	0.4077	0.1182	0.0	0.0545	0.0676	0.5923	0.0	0.4053	0.0	1.500407	0.0	0.0	0.0	8.928998	0.84284122	500.0	0.027631	0.023237	
455.0	0.401	0.114	0.0	0.0537	0.0637	0.599	0.0	0.4179	0.0	1.500041	0.0	0.0	0.0	8.76604	0.84120388	500.0	0.031699	0.022741	
460.0	0.3909	0.1121	0.0	0.0546	0.061	0.609	0.0	0.4325	0.0	1.499675	0.0	0.0	0.0	8.599948	0.83968764	500.0	0.034749	0.02184	
465.0	0.3791	0.1073	0.0	0.0513	0.0589	0.6209	0.0	0.4486	0.0	1.499309	0.0	0.0	0.0	8.422855	0.83824464	500.0	0.037185	0.021959	
470.0	0.3695	0.1084	0.0	0.0521	0.0596	0.6305	0.0	0.4606	0.0	1.498943	0.0	0.0	0.0	8.249694	0.83662289	500.0	0.042141	0.02227	
475.0	0.3591	0.1066	0.0	0.052	0.0575	0.6409	0.0	0.4756	0.0	1.498618	0.0	0.0	0.0	8.076149	0.83505684	500.0	0.044027	0.021714	
480.0	0.3653	0.1085	0.0	0.0504	0.0608	0.6347	0.0	0.4723	0.0	1.498298	0.0	0.0	0.0	7.901399	0.83342213	500.0	0.045391	0.020474	
485.0	0.3592	0.1014	0.0	0.0485	0.0556	0.6408	0.0	0.4872	0.0	1.49801	0.0	0.0	0.0	7.731745	0.83177215	500.0	0.0501	0.019162	
490.0	0.3405	0.0971	0.0	0.0475	0.0526	0.6595	0.0	0.5104	0.0	1.497735	0.0	0.0	0.0	7.565569	0.83014481	500.0	0.052717	0.01785	
495.0	0.3394	0.0916	0.0	0.0448	0.0494	0.6606	0.0	0.5199	0.0	1.497461	0.0	0.0	0.0	7.408245	0.82848712	500.0	0.055899	0.016775	
500.0	0.3434	0.092	0.0	0.0426	0.0516	0.6566	0.0	0.5198	0.0	1.497186	0.0	0.0	0.0	7.256571	0.82691798	500.0	0.05711	0.015962	
505.0	0.3323	0.0856	0.0	0.0422	0.0456	0.6677	0.0	0.5392	0.0	1.496912	0.0	0.0	0.0	7.115652	0.82536424	500.0	0.060087	0.015024	
510.0	0.3335	0.082	0.0	0.0397	0.0442	0.6665	0.0	0.5447	0.0	1.496637	0.0	0.0	0.0	6.981355	0.82395729	500.0	0.061803	0.014188	
515.0	0.3262	0.0801	0.0	0.0373	0.0445	0.6738	0.0	0.5563	0.0	1.496369	0.0	0.0	0.0	6.853017	0.82262467	500.0	0.064792	0.013339	
520.0	0.3201	0.0762	0.0	0.0363	0.0417	0.6799	0.0	0.5694	0.0	1.49614	0.0	0.0	0.0	6.730473	0.82145024	500.0	0.0668	0.012522	
525.0	0.3177	0.0758	0.0	0.0331	0.0442	0.6822	0.0	0.5755	0.0	1.495918	0.0	0.0	0.0	6.615499	0.82035543	500.0	0.068242	0.011701	
530.0	0.3141	0.0691	0.0	0.0318	0.0387	0.6859	0.0	0.5884	0.0	1.495726	0.0	0.0	0.0	6.504087	0.81938514	500.0	0.068678	0.010861	
535.0	0.4455	0.2123	0.0	0.0749	0.1427	0.7863	0.1278	0.5905	0.0	1.495544	0.0	0.0	0.0	6.396197	0.81850296	500.0	0.06896	0.009985	
540.0	0.5569	0.3397	0.0	0.1129	0.2342	0.8817	0.2464	0.6	0.0	1.495361	0.0	0.0	0.0	6.291816	0.81770439	500.0	0.067847	0.009105	
545.0	0.6831	0.4676	0.0	0.1516	0.3231	0.9651	0.365	0.6004	0.0	1.495178	0.0	0.0	0.0	6.191152	0.81693178	500.0	0.067418	0.008206	
550.0	0.8156	0.5646	0.0	0.1886	0.3832	1.0129	0.4861	0.5938	0.0	1.494995	0.0	0.0	0.0	6.090389	0.81623658	500.0	0.065304	0.007283	
555.0	0.8837	0.6276	0.0	0.2099	0.4241	1.0604	0.5585	0.6063	0.0	1.494812	0.0	0.0	0.0	5.990741	0.81550145	500.0	0.06528	0.006432	
560.0	0.9367	0.6531	0.0	0.2162	0.439	1.0696	0.6027	0.6066	0.0	1.494629	0.0	0.0	0.0	5.89084	0.81476652	500.0	0.063059	0.0057	
565.0	0.9541	0.6347	0.0	0.2191	0.4135	1.0509	0.6238	0.6177	0.0	1.494446	0.0	0.0	0.0	5.795052	0.81389291	500.0	0.061928	0.005094	
570.0	1.0009	0.6145	0.0	0.2138	0.3977	1.0231	0.6579	0.6121	0.0	1.494272	0.0	0.0	0.0	5.698517	0.81299032	500.0	0.058551	0.004497	
575.0	1.028	0.5917	0.0	0.1961	0.3879	0.9991	0.6729	0.6036	0.0	1.494135	0.0	0.0	0.0	5.606633	0.81210561	500.0	0.050939	0.003865	
580.0	1.06	0.5399	0.0	0.18	0.3513	0.9433	0.6833	0.5893	0.0	1.493998	0.0	0.0	0.0	5.516898	0.81106413	500.0	0.0429	0.003193	
585.0	1.1664	0.4794	0.0	0.1485	0.3185	0.86	0.7371	0.5435	0.0	1.493861	0.0	0.0	0.0	5.427222	0.81008626	500.0	0.030547	0.002469	
590.0	1.3423	0.4337	0.0	0.1271	0.2949	0.7734	0.8519	0.4846	0.0	1.493723	0.0	0.0	0.0	5.34633	0.80822833	500.0	0.020345	0.001985	
595.0	1.4813	0.3765	0.0	0.1011	0.2612	0.6879	0.9322	0.4355	0.0	1.493586	0.0	0.0	0.0	5.254111	0.80669751	500.0	0.013121	0.001514	
600.0	1.8766	0.2256	0.0	0.0635	0.1557	0.4645	1.1985	0.3178	0.0	1.493449	0.0	0.0	0.0	5.163324	0.80541237	500.0	0.005502	9.2e-05	
605.0	1.98	0.1653	0.0002	0.0418	0.1177	0.3586	1.2308	0.2504	0.0	1.493312	0.0	0.0	0.0	5.071829	0.80328354	500.0	0.003096	0.0	
610.0	1.8554	0.1285	0.0	0.033	0.0901	0.3177	1.0915	0.2385	0.0	1.493174	0.0	0.0	0.0	4.972794	0.80142811	500.0	0.002598	0.0	
615.0	1.7069	0.1111	0.0	0.0279	0.0792	0.3047	0.9414	0.2382	0.0	1.493059	0.0	0.0	0.0	4.886419	0.79847978	500.0	0.002523	0.0	
620.0	1.5396	0.0946	0.0001	0.0219	0.0678	0.2974	0.7783	0.2442	0.0	1.492967	0.0	0.0	0.0	4.794042	0.79592429	500.0	0.002479	0.0	
625.0	1.5101	0.0786	0.0	0.0164	0.0583	0.259	0.72	0.2154	0.0	1.492847	0.0	0.0	0.0	4.696002	0.79406408	500.0	0.002024	0.0	
630.0	1.3865	0.0681	0.0	0.0134	0.0499	0.2587	0.603	0.2254	0.0	1.492723	0.0	0.0	0.0	4.619517	0.78995649	500.0	0.002086	0.0	
635.0	1.2811	0.0588	0.0	0.0094	0.0446	0.2526	0.4971	0.2269	0.0	1.492612	0.0	0.0	0.0	4.534419	0.78690035	500.0	0.002038	0.0	
640.0	1.2363	0.0443	0.0	0.0071	0.0338	0.2303	0.4397	0.2158	0.0	1.492507	0.0	0.0	0.0	4.440568	0.78496546	500.0	0.001589	0.0	
645.0	1.1922	0.0405	0.0	0.0053	0.0315	0.2208	0.3898	0.2092	0.0	1.492409	0.0	0.0	0.0	4.370724	0.78038061	500.0	0.001594	0.0	
650.0	1.1528	0.0338	0.0	0.0038	0.0265	0.2129	0.3457	0.2082	0.0	1.492318	0.0	0.0	0.0	4.292302	0.77700155	500.0	0.001509	0.0	
655.0	1.173	0.0334	0.0	0.0037	0.0259	0.1836	0.3392	0.1774	0.0	1.492226	0.0	0.0	0.0	4.207152	0.77465049	500.0	0.001175	0.0	
660.0	1.1183	0.0247	0.0	0.0016	0.0197	0.1824	0.2871	0.1845	0.0	1.492135	0.0	0.0	0.0	4.142391	0.77033515	500.0	0.001104	0.0	
665.0	1.1088	0.0224	0.0	0.0008	0.0181	0.1738	0.2691	0.1779	0.0	1.492043	0.0	0.0	0.0	4.071042	0.76661074	500.0	0.000992	0.0	
670.0	1.1079	0.0205	0.0	0.0001	0.0174	0.1558	0.2528	0.1593	0.0	1.491952	0.0	0.0	0.0	3.997948	0.76356921	500.0	0.000787	0.0	
675.0	1.1115	0.0176	0.0	0.0003	0.0153	0.1438	0.2466	0.1489	0.0	1.491861	0.0	0.0	0.0	3.932875	0.76040794	500.0	0.00065	0.0	
680.0	1.1044	0.0161	0.0	0.0003	0.0133	0.1291	0.2249	0.1351	0.0	1.491769	0.0	0.0	0.0	3.875395	0.75567361	500.0	0.000552	0.0	
685.0	1.1317	0.0144	0.0	0.0001	0.012	0.1212	0.2453	0.1284	0.0	1.491678	0.0	0.0	0.0	3.814362	0.7520413	500.0	0.000423	0.0	
690.0	1.1771	0.0128	0.0001	0.0005	0.0107	0.0916	0.262	0.0958	0.0	1.491612	0.0	0.0	0.0	3.746412	0.75020667	500.0	0.000249	0.0	
695.0	1.2063	0.0098	0.0	0.0003	0.0078	0.0718	0.2724	0.0765	0.0	1.491552	0.0	0.0	0.0	3.698325	0.74593701	500.0	0.000135	0.0	
700.0	1.2282	0.0063	0.0005	-0.0001	0.0052	0.0481	0.2726	0.0517	0.0	1.491481	0.0	0.0	0.0	3.641991	0.7426644	500.0	6.2e-05	0.0	
705.0	1.1682	0.0028	0.003	0.0	0.0024	0.026	0.1941	0.0284	0.0	1.491404	0.0	0.0	0.0	3.581592	0.74064363	500.0	2e-05	0.0	
710.0	0.9932	0.0	0.0068	0.0	0.0	0.0	0.0	0.0	0.0	1.491334	0.0	0.0	0.0	3.528523	0.7384887	500.0	0.0	0.0	
715.0	0.994	0.0	0.006	0.0	0.0	0.0	0.0	0.0	0.0	1.491275	0.0	0.0	0.0	3.48709	0.73427827	500.0	0.0	0.0	
720.0	0.9926	0.0	0.0074	0.0	0.0	0.0	0.0	0.0	0.0	1.491219	0.0	0.0	0.0	3.437879	0.73151713	500.0	0.0	0.0	
725.0	0.9924	0.0	0.0076	0.0	0.0	0.0	0.0	0.0	0.0	1.491173	0.0	0.0	0.0	3.379836	0.73095042	500.0	0.0	0.0	
730.0	0.9933	0.0	0.0067	0.0	0.0	0.0	0.0	0.0	0.0	1.491125	0.0	0.0	0.0	3.335128	0.72919596	500.0	0.0	0.0	
735.0	0.9938	0.0	0.0062	0.0	0.0	0.0	0.0	0.0	0.0	1.491047	0.0	0.0	0.0	3.297771	0.72585402	500.0	0.0	0.0	
740.0	0.9926	0.0	0.0074	0.0	0.0	0.0	0.0	0.0	0.0	1.49097	0.0	0.0	0.0	3.253774	0.72372782	500.0	0.0	0.0	
745.0	0.9938	0.0	0.0062	0.0	0.0	0.0	0.0	0.0	0.0	1.490908	0.0	0.0	0.0	3.200581	0.7239433	500.0	0.0	0.0	
750.0	0.9921	0.0	0.0079	0.0	0.0	0.0	0.0	0.0	0.0	1.490848	0.0	0.0	0.0	3.159277	0.72298568	500.0	0.0	0.0	
755.0	0.9929	0.0	0.0071	0.0	0.0	0.0	0.0	0.0	0.0	1.490798	0.0	0.0	0.0	3.126281	0.72043459	500.0	0.0	0.0	
760.0	0.9928	0.0	0.0072	0.0	0.0	0.0	0.0	0.0	0.0	1.490753	0.0	0.0	0.0	3.085123	0.71893023	500.0	0.0	0.0	
765.0	0.9925	0.0	0.0075	0.0	0.0	0.0	0.0	0.0	0.0	1.490707	0.0	0.0	0.0	3.036406	0.71945887	500.0	0.0	0.0	
770.0	0.9928	0.0	0.0072	0.0	0.0	0.0	0.0	0.0	0.0	1.490661	0.0	0.0	0.0	2.994333	0.71960432	500.0	0.0	0.0	
775.0	0.9902	0.0	0.0098	0.0	0.0	0.0	0.0	0.0	0.0	1.490615	0.0	0.0	0.0	2.963515	0.71811804	500.0	0.0	0.0	
780.0	0.9924	0.0	0.0076	0.0	0.0	0.0	0.0	0.0	0.0	1.49057	0.0	0.0	0.0	2.92654	0.7166832	500.0	0.0	0.0	
785.0	0.9913	0.0	0.0087	0.0	0.0	0.0	0.0	0.0	0.0	1.490524	0.0	0.0	0.0	2.885243	0.71637471	500.0	0.0	0.0	
790.0	0.9937	0.0	0.0063	0.0	0.0	0.0	0.0	0.0	0.0	1.490478	0.0	0.0	0.0	2.841356	0.71769943	500.0	0.0	0.0	
795.0	0.9916	0.0	0.0084	0.0	0.0	0.0	0.0	0.0	0.0	1.490433	0.0	0.0	0.0	2.807541	0.71747001	500.0	0.0	0.0	
800.0	0.9925	0.0	0.0075	0.0	0.0	0.0	0.0	0.0	0.0	1.490387	0.0	0.0	0.0	2.776367	0.71653371	500.0	0.0	0.0	
805.0	0.9923	0.0	0.0077	0.0	0.0	0.0	0.0	0.0	0.0	1.490341	0.0	0.0	0.0	2.739771	0.71564133	500.0	0.0	0.0	
810.0	0.9935	0.0	0.0065	0.0	0.0	0.0	0.0	0.0	0.0	1.490295	0.0	0.0	0.0	2.696857	0.71649525	500.0	0.0	0.0	
815.0	0.9911	0.0	0.0089	0.0	0.0	0.0	0.0	0.0	0.0	1.49025	0.0	0.0	0.0	2.656889	0.71789583	500.0	0.0	0.0	
820.0	0.9922	0.0	0.0078	0.0	0.0	0.0	0.0	0.0	0.0	1.490204	0.0	0.0	0.0	2.625319	0.71793631	500.0	0.0	0.0	
825.0	0.9905	0.0	0.0095	0.0	0.0	0.0	0.0	0.0	0.0	1.490158	0.0	0.0	0.0	2.596605	0.71673798	500.0	0.0	0.0	
830.0	0.9915	0.0	0.0085	0.0	0.0	0.0	0.0	0.0	0.0	1.490112	0.0	0.0	0.0	2.561704	0.71583569	500.0	0.0	0.0	
835.0	0.9904	0.0	0.0096	0.0	0.0	0.0	0.0	0.0	0.0	1.490067	0.0	0.0	0.0	2.520349	0.71671279	500.0	0.0	0.0	
840.0	0.9911	0.0	0.0089	0.0	0.0	0.0	0.0	0.0	0.0	1.490028	0.0	0.0	0.0	2.482045	0.71818296	500.0	0.0	0.0	
845.0	0.9913	0.0	0.0087	0.0	0.0	0.0	0.0	0.0	0.0	1.490014	0.0	0.0	0.0	2.450696	0.71841318	500.0	0.0	0.0	
850.0	0.9898	0.0	0.0102	0.0	0.0	0.0	0.0	0.0	0.0	1.489999	0.0	0.0	0.0	2.423378	0.71745877	500.0	0.0	0.0	
855.0	0.9891	0.0	0.0109	0.0	0.0	0.0	0.0	0.0	0.0	1.489967	0.0	0.0	0.0	2.39173	0.71609614	500.0	0.0	0.0	
860.0	0.9914	0.0	0.0086	0.0	0.0	0.0	0.0	0.0	0.0	1.489936	0.0	0.0	0.0	2.354837	0.71576038	500.0	0.0	0.0	
865.0	0.99	0.0	0.01	0.0	0.0	0.0	0.0	0.0	0.0	1.489892	0.0	0.0	0.0	2.315965	0.71735006	500.0	0.0	0.0	
870.0	0.9899	0.0	0.0101	0.0	0.0	0.0	0.0	0.0	0.0	1.489846	0.0	0.0	0.0	2.28364	0.71799303	500.0	0.0	0.0	
875.0	0.9888	0.0	0.0112	0.0	0.0	0.0	0.0	0.0	0.0	1.489822	0.0	0.0	0.0	2.257336	0.71740344	500.0	0.0	0.0	
880.0	0.9921	0.0	0.0079	0.0	0.0	0.0	0.0	0.0	0.0	1.489807	0.0	0.0	0.0	2.232794	0.71529042	500.0	0.0	0.0	
885.0	0.9894	0.0	0.0106	0.0	0.0	0.0	0.0	0.0	0.0	1.489785	0.0	0.0	0.0	2.20106	0.7139078	500.0	0.0	0.0	
890.0	0.9891	0.0	0.0109	0.0	0.0	0.0	0.0	0.0	0.0	1.489753	0.0	0.0	0.0	2.164252	0.71391244	500.0	0.0	0.0	
895.0	0.9874	0.0	0.0126	0.0	0.0	0.0	0.0	0.0	0.0	1.489727	0.0	0.0	0.0	2.131689	0.71425312	500.0	0.0	0.0	
900.0	0.9909	0.0	0.0091	0.0	0.0	0.0	0.0	0.0	0.0	1.489713	0.0	0.0	0.0	2.102121	0.714613	500.0	0.0	0.0	
905.0	0.9889	0.0	0.0111	0.0	0.0	0.0	0.0	0.0	0.0	1.489697	0.0	0.0	0.0	2.077742	0.71377009	500.0	0.0	0.0	
910.0	0.9907	0.0	0.0093	0.0	0.0	0.0	0.0	0.0	0.0	1.489665	0.0	0.0	0.0	2.056435	0.71096794	500.0	0.0	0.0	
915.0	0.9886	0.0	0.0114	0.0	0.0	0.0	0.0	0.0	0.0	1.489634	0.0	0.0	0.0	2.027653	0.70915406	500.0	0.0	0.0	
920.0	0.9873	0.0	0.0127	0.0	0.0	0.0	0.0	0.0	0.0	1.489589	0.0	0.0	0.0	1.994566	0.7083755	500.0	0.0	0.0	
925.0	0.9882	0.0	0.0118	0.0	0.0	0.0	0.0	0.0	0.0	1.489543	0.0	0.0	0.0	1.964103	0.70835441	500.0	0.0	0.0	
930.0	0.9882	0.0	0.0118	0.0	0.0	0.0	0.0	0.0	0.0	1.489521	0.0	0.0	0.0	1.936769	0.70834698	500.0	0.0	0.0	
935.0	0.9889	0.0	0.0111	0.0	0.0	0.0	0.0	0.0	0.0	1.489506	0.0	0.0	0.0	1.914792	0.70711626	500.0	0.0	0.0	
940.0	0.9884	0.0	0.0116	0.0	0.0	0.0	0.0	0.0	0.0	1.489483	0.0	0.0	0.0	1.895493	0.70469969	500.0	0.0	0.0	
945.0	0.9877	0.0	0.0123	0.0	0.0	0.0	0.0	0.0	0.0	1.489451	0.0	0.0	0.0	1.873002	0.70180799	500.0	0.0	0.0	
950.0	0.987	0.0	0.013	0.0	0.0	0.0	0.0	0.0	0.0	1.489426	0.0	0.0	0.0	1.846437	0.69921549	500.0	0.0	0.0	
955.0	0.9883	0.0	0.0117	0.0	0.0	0.0	0.0	0.0	0.0	1.489412	0.0	0.0	0.0	1.816515	0.69844357	500.0	0.0	0.0	
960.0	0.9877	0.0	0.0123	0.0	0.0	0.0	0.0	0.0	0.0	1.4894	0.0	0.0	0.0	1.790931	0.69771612	500.0	0.0	0.0	
965.0	0.9888	0.0	0.0112	0.0	0.0	0.0	0.0	0.0	0.0	1.4894	0.0	0.0	0.0	1.770694	0.69603169	500.0	0.0	0.0	
970.0	0.9868	0.0	0.0132	0.0	0.0	0.0	0.0	0.0	0.0	1.4894	0.0	0.0	0.0	1.750469	0.69498889	500.0	0.0	0.0	
975.0	0.9873	0.0	0.0127	0.0	0.0	0.0	0.0	0.0	0.0	1.489369	0.0	0.0	0.0	1.734962	0.69175088	500.0	0.0	0.0	
980.0	0.9898	0.0	0.0102	0.0	0.0	0.0	0.0	0.0	0.0	1.489337	0.0	0.0	0.0	1.714769	0.68858922	500.0	0.0	0.0	
985.0	0.9885	0.0	0.0115	0.0	0.0	0.0	0.0	0.0	0.0	1.48932	0.0	0.0	0.0	1.691278	0.6854021	500.0	0.0	0.0	
990.0	0.9881	0.0	0.0119	0.0	0.0	0.0	0.0	0.0	0.0	1.489305	0.0	0.0	0.0	1.665189	0.6837563	500.0	0.0	0.0	
995.0	0.9873	0.0	0.0127	0.0	0.0	0.0	0.0	0.0	0.0	1.489281	0.0	0.0	0.0	1.643317	0.68203355	500.0	0.0	0.0	

Input file:
mc
output:multiple_fluor_pigments_example
particle1:bsr_red.txt
particle2:cals_red.txt
particle3:y2o3.txt
matrix1:acrylic.txt
mesh:1
light:am15.txt
emit1:bsr_emis.txt
excit_start_end1:312,900
emit2:cals_emis.txt
excit_start_end2:312,900
qy1:bsr_qy.txt
qy2:cals_qy.txt
photons:10000
start:310
end:1000
interval:5
number_of_sims_uncertainty:30

sim:3
upper:1
lower:1
layer1
matrix1
t:500
particle1
fluor:1
d:5
vf:20
std:0.0
particle2
fluor:1
d:10
vf:10
std:0.0
particle3
fluor:0
d:0.4
vf:50
std:0.0
