Sim 2

Light Normalized Radiosity: 80.15594%
Light Absorptance (heat generated by Stokes shift, Quantum Yield, non-fluorescent particles, and medium ): 16.80747%
Light Transmittance: 3.03658%
Stokes Shift Absorptance (converted to heat): 8.25221%
Quantum Yield Absorptance (converted to heat): 8.55424%
Total Fluorescent Absorptance (absorptance of photons by fluorescent particles): 40.90677%
Fluorescent Absorptance (converted to fluorescent emission): 24.35875%
Reflectance by Fluorescent Emission: 22.9895%
Non-Fluorescent Particles and Medium Absorptance (converted to heat): 0.00101%

Note: In the column headers below, the number in parentheses indicates the layer number for each attenuation coefficient (e.g., mu_s(1), mu_med(1), mu_a(1), mu_af(1) for layer 1)
Note: The units are based on micrometer
Wavelength	Normalized Radiosity	Absorptance	Transmittance	Stokes Shift Absorptance	Quantum Yield Absorptance	Total Fluorescent Absorptance	Reflectance (via fluorescent emission)	Fluorescent Absorptance	Non-Fluorescent Particles/Medium Absorptance	n_medium(1)	k_medium(1)	mu_a(non-fluorescent)(1)	mu_a(medium)(1)	mu_s(1)	g(1)	Thickness(1)	mu_a(fluorescent)1(1)	n_medium(2)	k_medium(2)	mu_a(non-fluorescent)(2)	mu_a(medium)(2)	mu_s(2)	g(2)	Thickness(2)	mu_a(fluorescent)1(2)
300.0	0.2616	0.4464	0.0037	0.2844	0.1363	0.706	0.0	0.2672	0.0287	1.527716	1e-06	0.0	3.8e-05	0.031941	0.93574184	100.0	0.002845	1.527716	1e-06	0.0	1.7e-05	2.58293	0.93486992	700.0	0.0	
305.0	0.0973	0.5459	0.003	0.3384	0.1992	0.8874	0.0	0.3282	0.0123	1.525881	1e-06	0.0	3e-05	0.02623	0.95568934	100.0	0.009276	1.525881	1e-06	0.0	1.3e-05	2.532459	0.93252777	700.0	0.0	
310.0	0.0802	0.5394	0.0033	0.3569	0.1843	0.9117	0.0	0.3518	0.0049	1.524121	1e-06	0.0	2.2e-05	0.025751	0.95916539	100.0	0.010179	1.524121	1e-06	0.0	1e-05	2.482261	0.93029197	700.0	0.0	
315.0	0.0767	0.5374	0.0035	0.3496	0.1858	0.9134	0.0	0.3585	0.0064	1.522519	0.0	0.0	1.5e-05	0.025417	0.96113043	100.0	0.010787	1.522519	0.0	0.0	6e-06	2.431564	0.9282768	700.0	0.0	
320.0	0.078	0.533	0.0034	0.3439	0.1923	0.9162	0.0	0.3612	0.0024	1.520984	0.0	0.0	8e-06	0.025006	0.9619077	100.0	0.011274	1.520984	0.0	0.0	4e-06	2.379215	0.92652431	700.0	0.0	
325.0	0.0659	0.5306	0.0013	0.3534	0.1804	0.932	0.0	0.3805	0.0007	1.51955	0.0	0.0	3e-06	0.024398	0.96313438	100.0	0.011639	1.51955	0.0	0.0	2e-06	2.329496	0.92501142	700.0	0.0	
330.0	0.0711	0.5256	0.0033	0.3343	0.1958	0.9255	0.0	0.3765	0.0002	1.5182	0.0	0.0	1e-06	0.023531	0.96374278	100.0	0.012189	1.5182	0.0	0.0	0.0	2.278961	0.92368291	700.0	0.0	
335.0	0.0633	0.5201	0.0038	0.3363	0.1877	0.9329	0.0	0.3899	0.0	1.516911	0.0	0.0	0.0	0.022655	0.96511854	100.0	0.012668	1.516911	0.0	0.0	0.0	2.229536	0.92244118	700.0	0.0	
340.0	0.0631	0.5101	0.0029	0.325	0.1902	0.934	0.0	0.3976	0.0	1.51574	0.0	0.0	0.0	0.021896	0.96610867	100.0	0.013201	1.51574	0.0	0.0	0.0	2.178984	0.92119936	700.0	0.0	
345.0	0.0649	0.5131	0.0005	0.325	0.1935	0.9347	0.0	0.3992	0.0	1.514571	0.0	0.0	0.0	0.021389	0.96735753	100.0	0.013596	1.514571	0.0	0.0	0.0	2.130082	0.91985578	700.0	0.0	
350.0	0.0599	0.5112	0.0019	0.3214	0.194	0.9381	0.0	0.4059	0.0	1.5135	0.0	0.0	0.0	0.021115	0.9688443	100.0	0.013936	1.5135	0.0	0.0	0.0	2.080343	0.91836071	700.0	0.0	
355.0	0.0632	0.5034	0.0019	0.3135	0.1936	0.9349	0.0	0.4114	0.0	1.51249	0.0	0.0	0.0	0.021117	0.96980471	100.0	0.014151	1.51249	0.0	0.0	0.0	2.034258	0.91666511	700.0	0.0	
360.0	0.0573	0.4914	0.0062	0.3111	0.1831	0.9365	0.0	0.4238	0.0	1.51152	0.0	0.0	0.0	0.021263	0.97055786	100.0	0.014296	1.51152	0.0	0.0	0.0	1.988974	0.91476856	700.0	0.0	
365.0	0.0572	0.4769	0.0043	0.312	0.1687	0.9385	0.0	0.4406	0.0	1.510569	0.0	0.0	0.0	0.021441	0.97117111	100.0	0.014405	1.510569	0.0	0.0	0.0	1.942717	0.91268834	700.0	0.0	
370.0	0.0571	0.4958	0.0043	0.2994	0.1985	0.9386	0.0	0.4254	0.0	1.509753	0.0	0.0	0.0	0.02158	0.97157977	100.0	0.014486	1.509753	0.0	0.0	0.0	1.899259	0.91046063	700.0	0.0	
375.0	0.0603	0.4714	0.0029	0.2923	0.1836	0.9368	0.0	0.4428	0.0	1.508904	0.0	0.0	0.0	0.021599	0.97183848	100.0	0.01456	1.508904	0.0	0.0	0.0	1.856406	0.90811347	700.0	0.0	
380.0	0.0617	0.4748	0.0038	0.2834	0.1956	0.9345	0.0	0.4402	0.0	1.50812	0.0	0.0	0.0	0.021493	0.97189733	100.0	0.014625	1.50812	0.0	0.0	0.0	1.81535	0.90569907	700.0	0.0	
385.0	0.0563	0.4647	0.0029	0.2897	0.1789	0.9408	0.0	0.4583	0.0	1.507432	0.0	0.0	0.0	0.021318	0.97151126	100.0	0.01465	1.507432	0.0	0.0	0.0	1.772572	0.90326968	700.0	0.0	
390.0	0.0548	0.4724	0.001	0.28	0.1957	0.9443	0.0	0.455	0.0	1.506704	0.0	0.0	0.0	0.021064	0.97109199	100.0	0.014691	1.506704	0.0	0.0	0.0	1.734036	0.90083356	700.0	0.0	
395.0	0.06	0.4601	0.0024	0.2705	0.1914	0.9376	0.0	0.4615	0.0	1.50605	0.0	0.0	0.0	0.020735	0.97104145	100.0	0.014779	1.50605	0.0	0.0	0.0	1.69537	0.89844219	700.0	0.0	
400.0	0.057	0.4559	0.0024	0.2684	0.1909	0.9406	0.0	0.4685	0.0	1.505402	0.0	0.0	0.0	0.020437	0.97113316	100.0	0.014876	1.505402	0.0	0.0	0.0	1.657824	0.89610714	700.0	0.0	
405.0	0.0593	0.4553	0.0019	0.2628	0.1948	0.9388	0.0	0.4698	0.0	1.504801	0.0	0.0	0.0	0.020331	0.97069871	100.0	0.014885	1.504801	0.0	0.0	0.0	1.620426	0.89385129	700.0	0.0	
410.0	0.0521	0.4394	0.0034	0.255	0.1885	0.9446	0.0	0.4854	0.0	1.504205	0.0	0.0	0.0	0.020349	0.97056772	100.0	0.01487	1.504205	0.0	0.0	0.0	1.584529	0.8916761	700.0	0.0	
415.0	0.0568	0.4351	0.0038	0.2557	0.1818	0.9394	0.0	0.4897	0.0	1.503613	0.0	0.0	0.0	0.020397	0.97079627	100.0	0.014932	1.503613	0.0	0.0	0.0	1.549845	0.8895868	700.0	0.0	
420.0	0.0553	0.4347	0.0048	0.2417	0.1967	0.9399	0.0	0.4877	0.0	1.50309	0.0	0.0	0.0	0.020549	0.97121967	100.0	0.014992	1.50309	0.0	0.0	0.0	1.515555	0.88759403	700.0	0.0	
425.0	0.0552	0.4281	0.0029	0.2441	0.1867	0.9419	0.0	0.5008	0.0	1.502587	0.0	0.0	0.0	0.020937	0.97064048	100.0	0.014834	1.502587	0.0	0.0	0.0	1.482139	0.88568803	700.0	0.0	
430.0	0.0643	0.4141	0.0038	0.2409	0.1761	0.9319	0.0	0.5063	0.0	1.502113	0.0	0.0	0.0	0.02139	0.97003562	100.0	0.014653	1.502113	0.0	0.0	0.0	1.449743	0.88386379	700.0	0.0	
435.0	0.0599	0.4238	0.0038	0.229	0.1977	0.9363	0.0	0.4997	0.0	1.501656	0.0	0.0	0.0	0.02159	0.97012968	100.0	0.014665	1.501656	0.0	0.0	0.0	1.418323	0.88211231	700.0	0.0	
440.0	0.0608	0.4074	0.0029	0.2284	0.1809	0.9363	0.0	0.5175	0.0	1.501219	0.0	0.0	0.0	0.021523	0.97106927	100.0	0.014832	1.501219	0.0	0.0	0.0	1.38748	0.88042548	700.0	0.0	
445.0	0.0528	0.4207	0.0019	0.2236	0.1989	0.9515	0.0017	0.5237	0.0	1.500807	0.0	0.0	0.0	0.021116	0.97264987	100.0	0.015222	1.500807	0.0	0.0	0.0	1.357097	0.87879275	700.0	0.0	
450.0	0.0527	0.4123	0.0034	0.2246	0.1904	0.9511	0.0026	0.5339	0.0	1.500407	0.0	0.0	0.0	0.020783	0.97352241	100.0	0.015453	1.500407	0.0	0.0	0.0	1.327399	0.87719856	700.0	0.0	
455.0	0.0605	0.4117	0.0029	0.2174	0.1972	0.947	0.0017	0.5315	0.0	1.500041	0.0	0.0	0.0	0.021032	0.97164131	100.0	0.015104	1.500041	0.0	0.0	0.0	1.29799	0.8756324	700.0	0.0	
460.0	0.0598	0.4147	0.0014	0.2098	0.206	0.9448	0.0016	0.529	0.0	1.499675	0.0	0.0	0.0	0.02147	0.96838033	100.0	0.014509	1.499675	0.0	0.0	0.0	1.2695	0.87407219	700.0	0.0	
465.0	0.0589	0.3898	0.0041	0.2052	0.1869	0.9458	0.0037	0.5509	0.0	1.499309	0.0	0.0	0.0	0.021148	0.96818175	100.0	0.014592	1.499309	0.0	0.0	0.0	1.242442	0.87249881	700.0	0.0	
470.0	0.0622	0.3978	0.0029	0.1997	0.2006	0.9486	0.0036	0.5501	0.0	1.498946	0.0	0.0	0.0	0.020736	0.96877644	100.0	0.014786	1.498946	0.0	0.0	0.0	1.216124	0.87089922	700.0	0.0	
475.0	0.064	0.3818	0.0038	0.1965	0.1865	0.9436	0.004	0.5612	0.0	1.498618	0.0	0.0	0.0	0.020885	0.96674482	100.0	0.014423	1.498618	0.0	0.0	0.0	1.189991	0.86926328	700.0	0.0	
480.0	0.0663	0.3709	0.0014	0.188	0.1846	0.9384	0.0025	0.5649	0.0	1.498298	0.0	0.0	0.0	0.021503	0.96254986	100.0	0.013602	1.498298	0.0	0.0	0.0	1.164468	0.86757001	700.0	0.0	
485.0	0.0625	0.3624	0.0029	0.1856	0.1791	0.942	0.0036	0.5768	0.0	1.49801	0.0	0.0	0.0	0.022279	0.95816958	100.0	0.012725	1.49801	0.0	0.0	0.0	1.139667	0.86580682	700.0	0.0	
490.0	0.0723	0.3632	0.0053	0.1745	0.1896	0.931	0.0024	0.5675	0.0	1.497735	0.0	0.0	0.0	0.023188	0.95403154	100.0	0.011862	1.497735	0.0	0.0	0.0	1.115567	0.86395852	700.0	0.0	
495.0	0.0729	0.3532	0.0038	0.1685	0.1862	0.9295	0.0015	0.5745	0.0	1.497461	0.0	0.0	0.0	0.024101	0.95094249	100.0	0.011147	1.497461	0.0	0.0	0.0	1.092154	0.86201176	700.0	0.0	
500.0	0.0803	0.3482	0.0053	0.1619	0.1875	0.9198	0.0036	0.5722	0.0	1.497186	0.0	0.0	0.0	0.024965	0.94902802	100.0	0.010604	1.497186	0.0	0.0	0.0	1.069414	0.85995685	700.0	0.0	
505.0	0.0889	0.3492	0.0029	0.1526	0.1971	0.9164	0.0012	0.5685	0.0	1.496912	0.0	0.0	0.0	0.026005	0.94707814	100.0	0.00997	1.496912	0.0	0.0	0.0	1.047336	0.85778639	700.0	0.0	
510.0	0.0934	0.3285	0.0076	0.1465	0.1826	0.9063	0.0025	0.5766	0.0	1.496637	0.0	0.0	0.0	0.027006	0.94576984	100.0	0.009424	1.496637	0.0	0.0	0.0	1.025906	0.85549545	700.0	0.0	
515.0	0.0885	0.3263	0.0067	0.1457	0.1816	0.9101	0.0029	0.5848	0.0	1.496372	0.0	0.0	0.0	0.028024	0.94429071	100.0	0.008862	1.496372	0.0	0.0	0.0	1.004991	0.85308353	700.0	0.0	
520.0	0.1072	0.3186	0.0067	0.1426	0.1757	0.899	0.0043	0.5863	0.0	1.49614	0.0	0.0	0.0	0.028975	0.94261557	100.0	0.008318	1.49614	0.0	0.0	0.0	0.984291	0.85055529	700.0	0.0	
525.0	0.1	0.334	0.0058	0.1357	0.1981	0.9065	0.0029	0.5804	0.0	1.495911	0.0	0.0	0.0	0.029831	0.94077985	100.0	0.007773	1.495911	0.0	0.0	0.0	0.964181	0.8479082	700.0	0.0	
530.0	0.1178	0.3129	0.0091	0.1288	0.1838	0.8903	0.0101	0.5841	0.0	1.495726	0.0	0.0	0.0	0.030569	0.93840692	100.0	0.007215	1.495726	0.0	0.0	0.0	0.944692	0.84515557	700.0	0.0	
535.0	0.138	0.2975	0.0067	0.1243	0.1728	0.8736	0.0078	0.586	0.0	1.495544	0.0	0.0	0.0	0.031186	0.93540594	100.0	0.006633	1.495544	0.0	0.0	0.0	0.9258	0.84229778	700.0	0.0	
540.0	0.1403	0.3024	0.0097	0.1186	0.1829	0.8682	0.0077	0.5766	0.0	1.495361	0.0	0.0	0.0	0.031652	0.93247972	100.0	0.006053	1.495361	0.0	0.0	0.0	0.907081	0.83934343	700.0	0.0	
545.0	0.1589	0.2945	0.0106	0.1105	0.1828	0.8514	0.011	0.5675	0.0	1.495178	0.0	0.0	0.0	0.031902	0.93062365	100.0	0.00545	1.495178	0.0	0.0	0.0	0.888811	0.83630405	700.0	0.0	
550.0	0.1847	0.288	0.0096	0.1049	0.1817	0.8316	0.0142	0.557	0.0	1.494995	0.0	0.0	0.0	0.031886	0.93059626	100.0	0.004836	1.494995	0.0	0.0	0.0	0.871395	0.83319352	700.0	0.0	
555.0	0.208	0.2724	0.0103	0.1018	0.1685	0.8193	0.0222	0.5641	0.0	1.494812	0.0	0.0	0.0	0.031694	0.92987293	100.0	0.004275	1.494812	0.0	0.0	0.0	0.854716	0.83002601	700.0	0.0	
560.0	0.2317	0.2752	0.0111	0.1001	0.1734	0.7973	0.0271	0.5447	0.0	1.494629	0.0	0.0	0.0	0.031448	0.92654676	100.0	0.003786	1.494629	0.0	0.0	0.0	0.838529	0.82681583	700.0	0.0	
565.0	0.271	0.2639	0.0107	0.0918	0.17	0.7628	0.0276	0.5209	0.0	1.494446	0.0	0.0	0.0	0.031359	0.91966593	100.0	0.003385	1.494446	0.0	0.0	0.0	0.82281	0.82357817	700.0	0.0	
570.0	0.2768	0.2517	0.016	0.0884	0.1603	0.7598	0.0328	0.5331	0.0	1.494273	0.0	0.0	0.0	0.031715	0.90831261	100.0	0.002996	1.494273	0.0	0.0	0.0	0.807537	0.82033083	700.0	0.0	
575.0	0.346	0.2564	0.0127	0.0902	0.1609	0.7234	0.0521	0.502	0.0	1.494135	0.0	0.0	0.0	0.031938	0.90608287	100.0	0.002563	1.494135	0.0	0.0	0.0	0.79269	0.8170948	700.0	0.0	
580.0	0.4024	0.2651	0.0143	0.0916	0.1675	0.682	0.0673	0.4645	0.0	1.493998	0.0	0.0	0.0	0.03192	0.91187966	100.0	0.002126	1.493998	0.0	0.0	0.0	0.778157	0.81387634	700.0	0.0	
585.0	0.5202	0.2428	0.022	0.0838	0.1517	0.6253	0.1255	0.4331	0.0	1.493861	0.0	0.0	0.0	0.031811	0.91580715	100.0	0.001644	1.493861	0.0	0.0	0.0	0.763715	0.8106886	700.0	0.0	
590.0	0.5977	0.2504	0.0239	0.0837	0.1567	0.5991	0.1713	0.4074	0.0	1.493723	0.0	0.0	0.0	0.032227	0.90802201	100.0	0.001328	1.493723	0.0	0.0	0.0	0.749604	0.80754529	700.0	0.0	
595.0	0.8005	0.2254	0.0286	0.0771	0.1375	0.4959	0.2728	0.3328	0.0	1.493586	0.0	0.0	0.0	0.033637	0.89412878	100.0	0.000892	1.493586	0.0	0.0	0.0	0.736136	0.80445862	700.0	0.0	
600.0	1.2797	0.1003	0.0388	0.0327	0.0627	0.1905	0.4748	0.1205	0.0	1.493449	0.0	0.0	0.0	0.034598	0.90219348	100.0	0.00023	1.493449	0.0	0.0	0.0	0.723096	0.80143854	700.0	0.0	
605.0	1.6491	0.0	0.0471	0.0	0.0	0.0	0.6793	0.0	0.0	1.493312	0.0	0.0	0.0	0.034638	0.91346803	100.0	0.0	1.493312	0.0	0.0	0.0	0.710357	0.79849406	700.0	0.0	
610.0	1.7582	0.0	0.0575	0.0	0.0	0.0	0.7937	0.0	0.0	1.493182	0.0	0.0	0.0	0.035348	0.90286514	100.0	0.0	1.493182	0.0	0.0	0.0	0.697759	0.79563496	700.0	0.0	
615.0	1.885	0.0	0.048	0.0	0.0	0.0	0.9143	0.0	0.0	1.493074	0.0	0.0	0.0	0.036778	0.89702815	100.0	0.0	1.493074	0.0	0.0	0.0	0.685069	0.79287124	700.0	0.0	
620.0	2.0011	0.0	0.0658	0.0	0.0	0.0	1.0323	0.0	0.0	1.492964	0.0	0.0	0.0	0.036815	0.9142985	100.0	0.0	1.492964	0.0	0.0	0.0	0.672669	0.79020262	700.0	0.0	
625.0	2.115	0.0	0.0579	0.0	0.0	0.0	1.1491	0.0	0.0	1.492844	0.0	0.0	0.0	0.036998	0.91349056	100.0	0.0	1.492844	0.0	0.0	0.0	0.660706	0.78763	700.0	0.0	
630.0	2.1867	0.0	0.0643	0.0	0.0	0.0	1.2194	0.0	0.0	1.492724	0.0	0.0	0.0	0.038546	0.8986999	100.0	0.0	1.492724	0.0	0.0	0.0	0.648983	0.7851583	700.0	0.0	
635.0	2.1785	0.0	0.0675	0.0	0.0	0.0	1.2121	0.0	0.0	1.492614	0.0	0.0	0.0	0.038445	0.91592931	100.0	0.0	1.492614	0.0	0.0	0.0	0.637534	0.78279025	700.0	0.0	
640.0	2.2039	0.0	0.0592	0.0	0.0	0.0	1.2293	0.0	0.0	1.492506	0.0	0.0	0.0	0.038268	0.91479774	100.0	0.0	1.492506	0.0	0.0	0.0	0.626309	0.7805237	700.0	0.0	
645.0	2.1586	0.0	0.0644	0.0	0.0	0.0	1.1874	0.0	0.0	1.492409	0.0	0.0	0.0	0.039516	0.90168688	100.0	0.0	1.492409	0.0	0.0	0.0	0.615361	0.77835873	700.0	0.0	
650.0	2.1309	0.0	0.0753	0.0	0.0	0.0	1.1712	0.0	0.0	1.492318	0.0	0.0	0.0	0.038809	0.91826799	100.0	0.0	1.492318	0.0	0.0	0.0	0.604643	0.77629142	700.0	0.0	
655.0	2.1305	0.0	0.0614	0.0	0.0	0.0	1.1618	0.0	0.0	1.492226	0.0	0.0	0.0	0.038681	0.90738601	100.0	0.0	1.492226	0.0	0.0	0.0	0.594072	0.77431801	700.0	0.0	
660.0	2.0042	0.0	0.0621	0.0	0.0	0.0	1.0422	0.0	0.0	1.492135	0.0	0.0	0.0	0.039481	0.90045622	100.0	0.0	1.492135	0.0	0.0	0.0	0.583652	0.7724342	700.0	0.0	
665.0	1.9045	0.0	0.0619	0.0	0.0	0.0	0.9415	0.0	0.0	1.492043	0.0	0.0	0.0	0.037942	0.91521242	100.0	0.0	1.492043	0.0	0.0	0.0	0.573377	0.77063501	700.0	0.0	
670.0	1.833	0.0	0.0605	0.0	0.0	0.0	0.8652	0.0	0.0	1.491952	0.0	0.0	0.0	0.038503	0.89675074	100.0	0.0	1.491952	0.0	0.0	0.0	0.563205	0.76891521	700.0	0.0	
675.0	1.7508	0.0	0.0571	0.0	0.0	0.0	0.7839	0.0	0.0	1.491861	0.0	0.0	0.0	0.037395	0.91280396	100.0	0.0	1.491861	0.0	0.0	0.0	0.553252	0.76726699	700.0	0.0	
680.0	1.6702	0.0	0.0516	0.0	0.0	0.0	0.6971	0.0	0.0	1.491769	0.0	0.0	0.0	0.036836	0.89983782	100.0	0.0	1.491769	0.0	0.0	0.0	0.543652	0.76568148	700.0	0.0	
685.0	1.6423	0.0	0.0542	0.0	0.0	0.0	0.6784	0.0	0.0	1.491678	0.0	0.0	0.0	0.037028	0.89691708	100.0	0.0	1.491678	0.0	0.0	0.0	0.534225	0.76415365	700.0	0.0	
690.0	1.5872	0.0	0.0536	0.0	0.0	0.0	0.6203	0.0	0.0	1.491614	0.0	0.0	0.0	0.035997	0.88853578	100.0	0.0	1.491614	0.0	0.0	0.0	0.524706	0.762684	700.0	0.0	
695.0	1.4744	0.0	0.0513	0.0	0.0	0.0	0.5104	0.0	0.0	1.491551	0.0	0.0	0.0	0.035832	0.89521522	100.0	0.0	1.491551	0.0	0.0	0.0	0.51536	0.76125684	700.0	0.0	
700.0	1.3711	0.0	0.054	0.0	0.0	0.0	0.4129	0.0	0.0	1.491479	0.0	0.0	0.0	0.034328	0.90411358	100.0	0.0	1.491479	0.0	0.0	0.0	0.50631	0.75986085	700.0	0.0	
705.0	1.3006	0.0	0.0454	0.0	0.0	0.0	0.3352	0.0	0.0	1.491405	0.0	0.0	0.0	0.03488	0.88826496	100.0	0.0	1.491405	0.0	0.0	0.0	0.497462	0.7584903	700.0	0.0	
710.0	1.2554	0.0	0.0481	0.0	0.0	0.0	0.2933	0.0	0.0	1.491337	0.0	0.0	0.0	0.033584	0.9025204	100.0	0.0	1.491337	0.0	0.0	0.0	0.488698	0.75714035	700.0	0.0	
715.0	1.2205	0.0	0.0418	0.0	0.0	0.0	0.2547	0.0	0.0	1.491274	0.0	0.0	0.0	0.034106	0.88451481	100.0	0.0	1.491274	0.0	0.0	0.0	0.48005	0.75580213	700.0	0.0	
720.0	1.2264	0.0	0.0461	0.0	0.0	0.0	0.2625	0.0	0.0	1.491219	0.0	0.0	0.0	0.033154	0.90047579	100.0	0.0	1.491219	0.0	0.0	0.0	0.47156	0.75446738	700.0	0.0	
725.0	1.1568	0.0	0.0451	0.0	0.0	0.0	0.1967	0.0	0.0	1.491173	0.0	0.0	0.0	0.033709	0.88358444	100.0	0.0	1.491173	0.0	0.0	0.0	0.463222	0.75312883	700.0	0.0	
730.0	1.1279	0.0	0.0446	0.0	0.0	0.0	0.1663	0.0	0.0	1.491121	0.0	0.0	0.0	0.033056	0.89927955	100.0	0.0	1.491121	0.0	0.0	0.0	0.455117	0.7517753	700.0	0.0	
735.0	1.0866	0.0	0.0472	0.0	0.0	0.0	0.1289	0.0	0.0	1.491046	0.0	0.0	0.0	0.033769	0.88407476	100.0	0.0	1.491046	0.0	0.0	0.0	0.447384	0.75039515	700.0	0.0	
740.0	1.0557	0.0	0.0494	0.0	0.0	0.0	0.1024	0.0	0.0	1.490973	0.0	0.0	0.0	0.03328	0.8996238	100.0	0.0	1.490973	0.0	0.0	0.0	0.439807	0.74898795	700.0	0.0	
745.0	1.0443	0.0	0.0427	0.0	0.0	0.0	0.0847	0.0	0.0	1.49091	0.0	0.0	0.0	0.034233	0.88642966	100.0	0.0	1.49091	0.0	0.0	0.0	0.432328	0.74754938	700.0	0.0	
750.0	1.0201	0.0	0.0445	0.0	0.0	0.0	0.0614	0.0	0.0	1.490847	0.0	0.0	0.0	0.033788	0.90043584	100.0	0.0	1.490847	0.0	0.0	0.0	0.425007	0.74607055	700.0	0.0	
755.0	0.994	0.0	0.0465	0.0	0.0	0.0	0.0397	0.0	0.0	1.490798	0.0	0.0	0.0	0.034991	0.89148261	100.0	0.0	1.490798	0.0	0.0	0.0	0.417764	0.74454884	700.0	0.0	
760.0	0.9977	0.0	0.0447	0.0	0.0	0.0	0.0405	0.0	0.0	1.490753	0.0	0.0	0.0	0.034549	0.9010836	100.0	0.0	1.490753	0.0	0.0	0.0	0.410666	0.74297578	700.0	0.0	
765.0	1.0011	0.0	0.0398	0.0	0.0	0.0	0.0395	0.0	0.0	1.490707	0.0	0.0	0.0	0.035887	0.89769889	100.0	0.0	1.490707	0.0	0.0	0.0	0.403623	0.74134657	700.0	0.0	
770.0	0.9858	0.0	0.0404	0.0	0.0	0.0	0.0262	0.0	0.0	1.490661	0.0	0.0	0.0	0.035561	0.90107224	100.0	0.0	1.490661	0.0	0.0	0.0	0.396688	0.73965554	700.0	0.0	
775.0	0.979	0.0	0.0409	0.0	0.0	0.0	0.0194	0.0	0.0	1.490615	0.0	0.0	0.0	0.036739	0.90414018	100.0	0.0	1.490615	0.0	0.0	0.0	0.389939	0.73789754	700.0	0.0	
780.0	0.9658	0.0	0.0499	0.0	0.0	0.0	0.0153	0.0	0.0	1.49057	0.0	0.0	0.0	0.036885	0.89874234	100.0	0.0	1.49057	0.0	0.0	0.0	0.383372	0.7360687	700.0	0.0	
785.0	0.977	0.0	0.0386	0.0	0.0	0.0	0.0155	0.0	0.0	1.490524	0.0	0.0	0.0	0.03747	0.90887297	100.0	0.0	1.490524	0.0	0.0	0.0	0.376981	0.73416562	700.0	0.0	
790.0	0.9646	0.0	0.0451	0.0	0.0	0.0	0.0093	0.0	0.0	1.490478	0.0	0.0	0.0	0.038848	0.88764363	100.0	0.0	1.490478	0.0	0.0	0.0	0.370796	0.73218523	700.0	0.0	
795.0	0.9626	0.0	0.046	0.0	0.0	0.0	0.0078	0.0	0.0	1.490433	0.0	0.0	0.0	0.039231	0.88458292	100.0	0.0	1.490433	0.0	0.0	0.0	0.364752	0.73012516	700.0	0.0	
800.0	0.961	0.0	0.0466	0.0	0.0	0.0	0.0076	0.0	0.0	1.490387	0.0	0.0	0.0	0.039266	0.90619673	100.0	0.0	1.490387	0.0	0.0	0.0	0.358848	0.72798314	700.0	0.0	
805.0	0.9677	0.0	0.0336	0.0	0.0	0.0	0.0013	0.0	0.0	1.490341	0.0	0.0	0.0	0.038847	0.90938983	100.0	0.0	1.490341	0.0	0.0	0.0	0.353081	0.72575729	700.0	0.0	
810.0	0.9582	0.0	0.0418	0.0	0.0	0.0	0.0	0.0	0.0	1.490295	0.0	0.0	0.0	0.039619	0.91258839	100.0	0.0	1.490295	0.0	0.0	0.0	0.347448	0.72344615	700.0	0.0	
815.0	0.9505	0.0	0.0495	0.0	0.0	0.0	0.0	0.0	0.0	1.49025	0.0	0.0	0.0	0.039902	0.903459	100.0	0.0	1.49025	0.0	0.0	0.0	0.341946	0.72104863	700.0	0.0	
820.0	0.9567	0.0	0.0433	0.0	0.0	0.0	0.0	0.0	0.0	1.490204	0.0	0.0	0.0	0.03965	0.91352506	100.0	0.0	1.490204	0.0	0.0	0.0	0.336664	0.71856491	700.0	0.0	
825.0	0.9543	0.0	0.0457	0.0	0.0	0.0	0.0	0.0	0.0	1.490158	0.0	0.0	0.0	0.040416	0.9086426	100.0	0.0	1.490158	0.0	0.0	0.0	0.331537	0.71599447	700.0	0.0	
830.0	0.9611	0.0	0.0389	0.0	0.0	0.0	0.0	0.0	0.0	1.490112	0.0	0.0	0.0	0.039738	0.91031308	100.0	0.0	1.490112	0.0	0.0	0.0	0.326502	0.71333671	700.0	0.0	
835.0	0.9534	0.0	0.0466	0.0	0.0	0.0	0.0	0.0	0.0	1.490067	0.0	0.0	0.0	0.039993	0.91477427	100.0	0.0	1.490067	0.0	0.0	0.0	0.321563	0.71059185	700.0	0.0	
840.0	0.9447	0.0	0.0553	0.0	0.0	0.0	0.0	0.0	0.0	1.490031	0.0	0.0	0.0	0.040392	0.90008477	100.0	0.0	1.490031	0.0	0.0	0.0	0.31667	0.70776279	700.0	0.0	
845.0	0.9515	0.0	0.0485	0.0	0.0	0.0	0.0	0.0	0.0	1.490014	0.0	0.0	0.0	0.03966	0.9061746	100.0	0.0	1.490014	0.0	0.0	0.0	0.311775	0.70485177	700.0	0.0	
850.0	0.9476	0.0	0.0524	0.0	0.0	0.0	0.0	0.0	0.0	1.489995	0.0	0.0	0.0	0.039737	0.91183175	100.0	0.0	1.489995	0.0	0.0	0.0	0.307003	0.70185599	700.0	0.0	
855.0	0.9625	0.0	0.0375	0.0	0.0	0.0	0.0	0.0	0.0	1.489966	0.0	0.0	0.0	0.039182	0.90665096	100.0	0.0	1.489966	0.0	0.0	0.0	0.302376	0.69877516	700.0	0.0	
860.0	0.9505	0.0	0.0495	0.0	0.0	0.0	0.0	0.0	0.0	1.489938	0.0	0.0	0.0	0.038659	0.91267145	100.0	0.0	1.489938	0.0	0.0	0.0	0.297856	0.69561313	700.0	0.0	
865.0	0.9606	0.0	0.0394	0.0	0.0	0.0	0.0	0.0	0.0	1.489892	0.0	0.0	0.0	0.039044	0.90489021	100.0	0.0	1.489892	0.0	0.0	0.0	0.293505	0.69236742	700.0	0.0	
870.0	0.9577	0.0	0.0423	0.0	0.0	0.0	0.0	0.0	0.0	1.489846	0.0	0.0	0.0	0.038038	0.90488692	100.0	0.0	1.489846	0.0	0.0	0.0	0.289252	0.68904438	700.0	0.0	
875.0	0.951	0.0	0.049	0.0	0.0	0.0	0.0	0.0	0.0	1.489824	0.0	0.0	0.0	0.037576	0.91054548	100.0	0.0	1.489824	0.0	0.0	0.0	0.285098	0.68565522	700.0	0.0	
880.0	0.9481	0.0	0.0519	0.0	0.0	0.0	0.0	0.0	0.0	1.489806	0.0	0.0	0.0	0.038626	0.88234076	100.0	0.0	1.489806	0.0	0.0	0.0	0.281038	0.68219599	700.0	0.0	
885.0	0.9481	0.0	0.0519	0.0	0.0	0.0	0.0	0.0	0.0	1.489782	0.0	0.0	0.0	0.036938	0.89768532	100.0	0.0	1.489782	0.0	0.0	0.0	0.277068	0.67866438	700.0	0.0	
890.0	0.9457	0.0	0.0543	0.0	0.0	0.0	0.0	0.0	0.0	1.489754	0.0	0.0	0.0	0.036282	0.90766874	100.0	0.0	1.489754	0.0	0.0	0.0	0.273186	0.67506402	700.0	0.0	
895.0	0.9563	0.0	0.0437	0.0	0.0	0.0	0.0	0.0	0.0	1.48973	0.0	0.0	0.0	0.03756	0.86995269	100.0	0.0	1.48973	0.0	0.0	0.0	0.269346	0.67139949	700.0	0.0	

Input file:
mc
output:dual_layer_example
particle1:cals_red.txt
particle2:baso4.txt
matrix1:acrylic.txt
mesh:1
light:am15.txt
emit1:cals_emis.txt
excit_start_end1:302,700
qy1:cals_qy.txt
photons:2000
start:300
end:900
interval:5

sim:2
upper:1
lower:1
layer1
matrix1
t:100
particle1
fluor:1
d:10
vf:10
dist:0
layer2
matrix1
t:700
particle2
fluor:0
d:0.4
vf:60
dist:0
