Sim 1

Light Normalized Radiosity: 82.27481%
Light Absorptance (heat generated by Stokes shift, Quantum Yield, non-fluorescent particles, and medium ): 14.64226%
Light Transmittance: 3.08293%
Stokes Shift Absorptance (converted to heat): 7.35631%
Quantum Yield Absorptance (converted to heat): 7.28445%
Total Fluorescent Absorptance (absorptance of photons by fluorescent particles): 35.52301%
Fluorescent Absorptance (converted to fluorescent emission): 21.06994%
Reflectance by Fluorescent Emission: 19.98086%
Non-Fluorescent Particles and Medium Absorptance (converted to heat): 0.0015%

Note: In the column headers below, the number in parentheses indicates the layer number for each attenuation coefficient (e.g., mu_s(1), mu_med(1), mu_a(1), mu_af(1) for layer 1)
Note: The units are based on micrometer
Wavelength	Normalized Radiosity	Absorptance	Transmittance	Stokes Shift Absorptance	Quantum Yield Absorptance	Total Fluorescent Absorptance	Reflectance (via fluorescent emission)	Fluorescent Absorptance	Non-Fluorescent Particles/Medium Absorptance	n_medium(1)	k_medium(1)	mu_a(non-fluorescent)(1)	mu_a(medium)(1)	mu_s(1)	g(1)	Thickness(1)	mu_a(fluorescent)1(1)	n_medium(2)	k_medium(2)	mu_a(non-fluorescent)(2)	mu_a(medium)(2)	mu_s(2)	g(2)	Thickness(2)	mu_a(fluorescent)1(2)
300.0	0.4267	0.3486	0.009	0.2218	0.0987	0.5338	0.0	0.2043	0.0304	1.527716	1e-06	0.0	3.8e-05	0.031941	0.93574184	50.0	0.002845	1.527716	1e-06	0.0	1.7e-05	2.58293	0.93486992	700.0	0.0	
305.0	0.1958	0.4824	0.0072	0.3172	0.156	0.7839	0.0	0.2984	0.0131	1.525881	1e-06	0.0	3e-05	0.02623	0.95568934	50.0	0.009276	1.525881	1e-06	0.0	1.3e-05	2.532459	0.93252777	700.0	0.0	
310.0	0.1794	0.4883	0.0036	0.3182	0.1627	0.8069	0.0	0.3113	0.0101	1.524121	1e-06	0.0	2.2e-05	0.025751	0.95916539	50.0	0.010179	1.524121	1e-06	0.0	1e-05	2.482261	0.93029197	700.0	0.0	
315.0	0.1699	0.491	0.0063	0.3167	0.1701	0.8168	0.0	0.3184	0.007	1.522519	0.0	0.0	1.5e-05	0.025417	0.96113043	50.0	0.010787	1.522519	0.0	0.0	6e-06	2.431564	0.9282768	700.0	0.0	
320.0	0.1755	0.4739	0.0073	0.3149	0.1576	0.8131	0.0	0.3273	0.0041	1.520984	0.0	0.0	8e-06	0.025006	0.9619077	50.0	0.011274	1.520984	0.0	0.0	4e-06	2.379215	0.92652431	700.0	0.0	
325.0	0.1629	0.4748	0.0068	0.3136	0.1626	0.829	0.0	0.3385	0.0013	1.51955	0.0	0.0	3e-06	0.024398	0.96313438	50.0	0.011639	1.51955	0.0	0.0	2e-06	2.329496	0.92501142	700.0	0.0	
330.0	0.1481	0.4788	0.0075	0.3183	0.1642	0.8439	0.0	0.3501	0.0004	1.5182	0.0	0.0	1e-06	0.023531	0.96374278	50.0	0.012189	1.5182	0.0	0.0	0.0	2.278961	0.92368291	700.0	0.0	
335.0	0.1562	0.4704	0.0034	0.312	0.1614	0.8405	0.0	0.3545	0.0	1.516911	0.0	0.0	0.0	0.022655	0.96511854	50.0	0.012668	1.516911	0.0	0.0	0.0	2.229536	0.92244118	700.0	0.0	
340.0	0.1517	0.4729	0.0053	0.3012	0.1748	0.843	0.0	0.3543	0.0	1.51574	0.0	0.0	0.0	0.021896	0.96610867	50.0	0.013201	1.51574	0.0	0.0	0.0	2.178984	0.92119936	700.0	0.0	
345.0	0.1458	0.4687	0.0057	0.3019	0.1701	0.8484	0.0	0.3649	0.0	1.514571	0.0	0.0	0.0	0.021389	0.96735753	50.0	0.013596	1.514571	0.0	0.0	0.0	2.130082	0.91985578	700.0	0.0	
350.0	0.1299	0.4587	0.0081	0.3112	0.1514	0.862	0.0	0.3881	0.0	1.5135	0.0	0.0	0.0	0.021115	0.9688443	50.0	0.013936	1.5135	0.0	0.0	0.0	2.080343	0.91836071	700.0	0.0	
355.0	0.1269	0.4743	0.0077	0.2923	0.185	0.8654	0.0	0.3767	0.0	1.51249	0.0	0.0	0.0	0.021117	0.96980471	50.0	0.014151	1.51249	0.0	0.0	0.0	2.034258	0.91666511	700.0	0.0	
360.0	0.1378	0.4608	0.0072	0.291	0.173	0.855	0.0	0.3817	0.0	1.51152	0.0	0.0	0.0	0.021263	0.97055786	50.0	0.014296	1.51152	0.0	0.0	0.0	1.988974	0.91476856	700.0	0.0	
365.0	0.1382	0.4538	0.0077	0.2849	0.1711	0.8541	0.0	0.3889	0.0	1.510569	0.0	0.0	0.0	0.021441	0.97117111	50.0	0.014405	1.510569	0.0	0.0	0.0	1.942717	0.91268834	700.0	0.0	
370.0	0.1309	0.4565	0.0053	0.2823	0.1764	0.8638	0.0	0.396	0.0	1.509753	0.0	0.0	0.0	0.02158	0.97157977	50.0	0.014486	1.509753	0.0	0.0	0.0	1.899259	0.91046063	700.0	0.0	
375.0	0.1361	0.4388	0.0082	0.2753	0.1664	0.8558	0.0	0.4038	0.0	1.508904	0.0	0.0	0.0	0.021599	0.97183848	50.0	0.01456	1.508904	0.0	0.0	0.0	1.856406	0.90811347	700.0	0.0	
380.0	0.1302	0.4477	0.0034	0.267	0.1832	0.8664	0.0	0.4057	0.0	1.50812	0.0	0.0	0.0	0.021493	0.97189733	50.0	0.014625	1.50812	0.0	0.0	0.0	1.81535	0.90569907	700.0	0.0	
385.0	0.1225	0.4346	0.0101	0.2656	0.1721	0.8675	0.0	0.419	0.0	1.507432	0.0	0.0	0.0	0.021318	0.97151126	50.0	0.01465	1.507432	0.0	0.0	0.0	1.772572	0.90326968	700.0	0.0	
390.0	0.1281	0.4343	0.0082	0.256	0.1803	0.8637	0.0	0.4161	0.0	1.506704	0.0	0.0	0.0	0.021064	0.97109199	50.0	0.014691	1.506704	0.0	0.0	0.0	1.734036	0.90083356	700.0	0.0	
395.0	0.13	0.4186	0.0062	0.2584	0.1631	0.8638	0.0	0.4333	0.0	1.50605	0.0	0.0	0.0	0.020735	0.97104145	50.0	0.014779	1.50605	0.0	0.0	0.0	1.69537	0.89844219	700.0	0.0	
400.0	0.1309	0.4202	0.0058	0.2518	0.1703	0.8634	0.0	0.4325	0.0	1.505402	0.0	0.0	0.0	0.020437	0.97113316	50.0	0.014876	1.505402	0.0	0.0	0.0	1.657824	0.89610714	700.0	0.0	
405.0	0.1202	0.4231	0.0034	0.2495	0.176	0.8764	0.0	0.4425	0.0	1.504801	0.0	0.0	0.0	0.020331	0.97069871	50.0	0.014885	1.504801	0.0	0.0	0.0	1.620426	0.89385129	700.0	0.0	
410.0	0.1221	0.4086	0.0067	0.2427	0.1679	0.8712	0.0	0.4505	0.0	1.504205	0.0	0.0	0.0	0.020349	0.97056772	50.0	0.01487	1.504205	0.0	0.0	0.0	1.584529	0.8916761	700.0	0.0	
415.0	0.1297	0.4019	0.0058	0.2386	0.1655	0.8646	0.0	0.4524	0.0	1.503613	0.0	0.0	0.0	0.020397	0.97079627	50.0	0.014932	1.503613	0.0	0.0	0.0	1.549845	0.8895868	700.0	0.0	
420.0	0.1205	0.4023	0.0067	0.2368	0.1689	0.8728	0.0	0.4611	0.0	1.50309	0.0	0.0	0.0	0.020549	0.97121967	50.0	0.014992	1.50309	0.0	0.0	0.0	1.515555	0.88759403	700.0	0.0	
425.0	0.1325	0.3937	0.0043	0.2256	0.1699	0.8632	0.0	0.4609	0.0	1.502587	0.0	0.0	0.0	0.020937	0.97064048	50.0	0.014834	1.502587	0.0	0.0	0.0	1.482139	0.88568803	700.0	0.0	
430.0	0.1151	0.3873	0.0077	0.2264	0.1636	0.8772	0.0	0.4793	0.0	1.502113	0.0	0.0	0.0	0.02139	0.97003562	50.0	0.014653	1.502113	0.0	0.0	0.0	1.449743	0.88386379	700.0	0.0	
435.0	0.1261	0.3806	0.0072	0.2193	0.1632	0.8667	0.0	0.4783	0.0	1.501656	0.0	0.0	0.0	0.02159	0.97012968	50.0	0.014665	1.501656	0.0	0.0	0.0	1.418323	0.88211231	700.0	0.0	
440.0	0.1193	0.3824	0.0072	0.2097	0.1753	0.8736	0.0	0.4813	0.0	1.501219	0.0	0.0	0.0	0.021523	0.97106927	50.0	0.014832	1.501219	0.0	0.0	0.0	1.38748	0.88042548	700.0	0.0	
445.0	0.1153	0.386	0.0077	0.2149	0.1737	0.8826	0.0027	0.4921	0.0	1.500807	0.0	0.0	0.0	0.021116	0.97264987	50.0	0.015222	1.500807	0.0	0.0	0.0	1.357097	0.87879275	700.0	0.0	
450.0	0.1286	0.3795	0.0034	0.2038	0.1776	0.8765	0.0031	0.4923	0.0	1.500407	0.0	0.0	0.0	0.020783	0.97352241	50.0	0.015453	1.500407	0.0	0.0	0.0	1.327399	0.87719856	700.0	0.0	
455.0	0.127	0.3692	0.0043	0.2019	0.1689	0.8764	0.0034	0.503	0.0	1.500041	0.0	0.0	0.0	0.021032	0.97164131	50.0	0.015104	1.500041	0.0	0.0	0.0	1.29799	0.8756324	700.0	0.0	
460.0	0.1375	0.3708	0.0091	0.1917	0.1807	0.8628	0.0044	0.4899	0.0	1.499675	0.0	0.0	0.0	0.02147	0.96838033	50.0	0.014509	1.499675	0.0	0.0	0.0	1.2695	0.87407219	700.0	0.0	
465.0	0.1147	0.3776	0.0063	0.1946	0.1846	0.8917	0.0052	0.5134	0.0	1.499309	0.0	0.0	0.0	0.021148	0.96818175	50.0	0.014592	1.499309	0.0	0.0	0.0	1.242442	0.87249881	700.0	0.0	
470.0	0.1281	0.3725	0.0058	0.1878	0.1854	0.8781	0.0061	0.5078	0.0	1.498946	0.0	0.0	0.0	0.020736	0.96877644	50.0	0.014786	1.498946	0.0	0.0	0.0	1.216124	0.87089922	700.0	0.0	
475.0	0.1282	0.3602	0.0096	0.1786	0.1825	0.8738	0.0058	0.5125	0.0	1.498618	0.0	0.0	0.0	0.020885	0.96674482	50.0	0.014423	1.498618	0.0	0.0	0.0	1.189991	0.86926328	700.0	0.0	
480.0	0.1345	0.3464	0.0072	0.1715	0.1756	0.8665	0.003	0.5186	0.0	1.498298	0.0	0.0	0.0	0.021503	0.96254986	50.0	0.013602	1.498298	0.0	0.0	0.0	1.164468	0.86757001	700.0	0.0	
485.0	0.1431	0.341	0.0082	0.1679	0.1736	0.854	0.003	0.5133	0.0	1.49801	0.0	0.0	0.0	0.022279	0.95816958	50.0	0.012725	1.49801	0.0	0.0	0.0	1.139667	0.86580682	700.0	0.0	
490.0	0.1493	0.345	0.0083	0.1576	0.1885	0.8525	0.0035	0.5081	0.0	1.497735	0.0	0.0	0.0	0.023188	0.95403154	50.0	0.011862	1.497735	0.0	0.0	0.0	1.115567	0.86395852	700.0	0.0	
495.0	0.1707	0.3166	0.0096	0.1508	0.1665	0.8277	0.0023	0.5115	0.0	1.497461	0.0	0.0	0.0	0.024101	0.95094249	50.0	0.011147	1.497461	0.0	0.0	0.0	1.092154	0.86201176	700.0	0.0	
500.0	0.169	0.3082	0.0082	0.1453	0.1636	0.8267	0.0021	0.5189	0.0	1.497186	0.0	0.0	0.0	0.024965	0.94902802	50.0	0.010604	1.497186	0.0	0.0	0.0	1.069414	0.85995685	700.0	0.0	
505.0	0.181	0.2999	0.0091	0.1365	0.1641	0.8143	0.0012	0.5147	0.0	1.496912	0.0	0.0	0.0	0.026005	0.94707814	50.0	0.00997	1.496912	0.0	0.0	0.0	1.047336	0.85778639	700.0	0.0	
510.0	0.1953	0.2708	0.0125	0.1362	0.1353	0.7951	0.0021	0.5254	0.0	1.496637	0.0	0.0	0.0	0.027006	0.94576984	50.0	0.009424	1.496637	0.0	0.0	0.0	1.025906	0.85549545	700.0	0.0	
515.0	0.215	0.2758	0.0086	0.128	0.1479	0.7851	0.005	0.512	0.0	1.496372	0.0	0.0	0.0	0.028024	0.94429071	50.0	0.008862	1.496372	0.0	0.0	0.0	1.004991	0.85308353	700.0	0.0	
520.0	0.2123	0.2803	0.0134	0.1247	0.1551	0.7881	0.0071	0.5129	0.0	1.49614	0.0	0.0	0.0	0.028975	0.94261557	50.0	0.008318	1.49614	0.0	0.0	0.0	0.984291	0.85055529	700.0	0.0	
525.0	0.2405	0.2791	0.0082	0.1157	0.1629	0.769	0.0099	0.4962	0.0	1.495911	0.0	0.0	0.0	0.029831	0.94077985	50.0	0.007773	1.495911	0.0	0.0	0.0	0.964181	0.8479082	700.0	0.0	
530.0	0.2576	0.2656	0.0102	0.106	0.1588	0.7485	0.0092	0.4898	0.0	1.495726	0.0	0.0	0.0	0.030569	0.93840692	50.0	0.007215	1.495726	0.0	0.0	0.0	0.944692	0.84515557	700.0	0.0	
535.0	0.2718	0.2504	0.0072	0.1062	0.1439	0.7375	0.0109	0.4934	0.0	1.495544	0.0	0.0	0.0	0.031186	0.93540594	50.0	0.006633	1.495544	0.0	0.0	0.0	0.9258	0.84229778	700.0	0.0	
540.0	0.2646	0.2557	0.0154	0.1004	0.1547	0.7396	0.0129	0.4949	0.0	1.495361	0.0	0.0	0.0	0.031652	0.93247972	50.0	0.006053	1.495361	0.0	0.0	0.0	0.907081	0.83934343	700.0	0.0	
545.0	0.3209	0.2385	0.0112	0.0882	0.1495	0.6904	0.0131	0.461	0.0	1.495178	0.0	0.0	0.0	0.031902	0.93062365	50.0	0.00545	1.495178	0.0	0.0	0.0	0.888811	0.83630405	700.0	0.0	
550.0	0.3445	0.224	0.0137	0.0845	0.1387	0.6685	0.0174	0.4542	0.0	1.494995	0.0	0.0	0.0	0.031886	0.93059626	50.0	0.004836	1.494995	0.0	0.0	0.0	0.871395	0.83319352	700.0	0.0	
555.0	0.3797	0.2153	0.018	0.0768	0.1364	0.6359	0.0229	0.4335	0.0	1.494812	0.0	0.0	0.0	0.031694	0.92987293	50.0	0.004275	1.494812	0.0	0.0	0.0	0.854716	0.83002601	700.0	0.0	
560.0	0.4213	0.2015	0.0204	0.0707	0.1292	0.5957	0.0294	0.4087	0.0	1.494629	0.0	0.0	0.0	0.031448	0.92654676	50.0	0.003786	1.494629	0.0	0.0	0.0	0.838529	0.82681583	700.0	0.0	
565.0	0.4275	0.2155	0.0172	0.0705	0.1421	0.61	0.0356	0.4118	0.0	1.494446	0.0	0.0	0.0	0.031359	0.91966593	50.0	0.003385	1.494446	0.0	0.0	0.0	0.82281	0.82357817	700.0	0.0	
570.0	0.4761	0.1867	0.0165	0.0678	0.1165	0.5767	0.0506	0.4092	0.0	1.494273	0.0	0.0	0.0	0.031715	0.90831261	50.0	0.002996	1.494273	0.0	0.0	0.0	0.807537	0.82033083	700.0	0.0	
575.0	0.5221	0.1899	0.0197	0.0687	0.118	0.5513	0.0722	0.3877	0.0	1.494135	0.0	0.0	0.0	0.031938	0.90608287	50.0	0.002563	1.494135	0.0	0.0	0.0	0.79269	0.8170948	700.0	0.0	
580.0	0.6113	0.1859	0.0244	0.0597	0.1206	0.4905	0.0975	0.3345	0.0	1.493998	0.0	0.0	0.0	0.03192	0.91187966	50.0	0.002126	1.493998	0.0	0.0	0.0	0.778157	0.81387634	700.0	0.0	
585.0	0.6936	0.1616	0.0166	0.061	0.0961	0.4492	0.137	0.3216	0.0	1.493861	0.0	0.0	0.0	0.031811	0.91580715	50.0	0.001644	1.493861	0.0	0.0	0.0	0.763715	0.8106886	700.0	0.0	
590.0	0.8053	0.1704	0.0315	0.056	0.1071	0.3895	0.1906	0.2586	0.0	1.493723	0.0	0.0	0.0	0.032227	0.90802201	50.0	0.001328	1.493723	0.0	0.0	0.0	0.749604	0.80754529	700.0	0.0	
595.0	0.9719	0.1313	0.0321	0.0457	0.0801	0.2968	0.2688	0.2007	0.0	1.493586	0.0	0.0	0.0	0.033637	0.89412878	50.0	0.000892	1.493586	0.0	0.0	0.0	0.736136	0.80445862	700.0	0.0	
600.0	1.3539	0.0522	0.0439	0.0174	0.0319	0.0939	0.4687	0.0573	0.0	1.493449	0.0	0.0	0.0	0.034598	0.90219348	50.0	0.00023	1.493449	0.0	0.0	0.0	0.723096	0.80143854	700.0	0.0	
605.0	1.572	0.0	0.0406	0.0	0.0	0.0	0.6008	0.0	0.0	1.493312	0.0	0.0	0.0	0.034638	0.91346803	50.0	0.0	1.493312	0.0	0.0	0.0	0.710357	0.79849406	700.0	0.0	
610.0	1.676	0.0	0.0479	0.0	0.0	0.0	0.7072	0.0	0.0	1.493182	0.0	0.0	0.0	0.035348	0.90286514	50.0	0.0	1.493182	0.0	0.0	0.0	0.697759	0.79563496	700.0	0.0	
615.0	1.75	0.0	0.0491	0.0	0.0	0.0	0.7812	0.0	0.0	1.493074	0.0	0.0	0.0	0.036778	0.89702815	50.0	0.0	1.493074	0.0	0.0	0.0	0.685069	0.79287124	700.0	0.0	
620.0	1.832	0.0	0.0563	0.0	0.0	0.0	0.8642	0.0	0.0	1.492964	0.0	0.0	0.0	0.036815	0.9142985	50.0	0.0	1.492964	0.0	0.0	0.0	0.672669	0.79020262	700.0	0.0	
625.0	1.9378	0.0	0.056	0.0	0.0	0.0	0.9695	0.0	0.0	1.492844	0.0	0.0	0.0	0.036998	0.91349056	50.0	0.0	1.492844	0.0	0.0	0.0	0.660706	0.78763	700.0	0.0	
630.0	1.9924	0.0	0.0572	0.0	0.0	0.0	1.0207	0.0	0.0	1.492724	0.0	0.0	0.0	0.038546	0.8986999	50.0	0.0	1.492724	0.0	0.0	0.0	0.648983	0.7851583	700.0	0.0	
635.0	2.035	0.0	0.0677	0.0	0.0	0.0	1.0725	0.0	0.0	1.492614	0.0	0.0	0.0	0.038445	0.91592931	50.0	0.0	1.492614	0.0	0.0	0.0	0.637534	0.78279025	700.0	0.0	
640.0	2.0231	0.0	0.0627	0.0	0.0	0.0	1.0572	0.0	0.0	1.492506	0.0	0.0	0.0	0.038268	0.91479774	50.0	0.0	1.492506	0.0	0.0	0.0	0.626309	0.7805237	700.0	0.0	
645.0	1.9846	0.0	0.0548	0.0	0.0	0.0	1.0125	0.0	0.0	1.492409	0.0	0.0	0.0	0.039516	0.90168688	50.0	0.0	1.492409	0.0	0.0	0.0	0.615361	0.77835873	700.0	0.0	
650.0	1.9858	0.0	0.0565	0.0	0.0	0.0	1.0094	0.0	0.0	1.492318	0.0	0.0	0.0	0.038809	0.91826799	50.0	0.0	1.492318	0.0	0.0	0.0	0.604643	0.77629142	700.0	0.0	
655.0	1.9606	0.0	0.0662	0.0	0.0	0.0	0.9956	0.0	0.0	1.492226	0.0	0.0	0.0	0.038681	0.90738601	50.0	0.0	1.492226	0.0	0.0	0.0	0.594072	0.77431801	700.0	0.0	
660.0	1.822	0.0	0.0582	0.0	0.0	0.0	0.8561	0.0	0.0	1.492135	0.0	0.0	0.0	0.039481	0.90045622	50.0	0.0	1.492135	0.0	0.0	0.0	0.583652	0.7724342	700.0	0.0	
665.0	1.8039	0.0	0.0609	0.0	0.0	0.0	0.8351	0.0	0.0	1.492043	0.0	0.0	0.0	0.037942	0.91521242	50.0	0.0	1.492043	0.0	0.0	0.0	0.573377	0.77063501	700.0	0.0	
670.0	1.6684	0.0	0.0623	0.0	0.0	0.0	0.7068	0.0	0.0	1.491952	0.0	0.0	0.0	0.038503	0.89675074	50.0	0.0	1.491952	0.0	0.0	0.0	0.563205	0.76891521	700.0	0.0	
675.0	1.6508	0.0	0.0542	0.0	0.0	0.0	0.6868	0.0	0.0	1.491861	0.0	0.0	0.0	0.037395	0.91280396	50.0	0.0	1.491861	0.0	0.0	0.0	0.553252	0.76726699	700.0	0.0	
680.0	1.5498	0.0	0.0464	0.0	0.0	0.0	0.5777	0.0	0.0	1.491769	0.0	0.0	0.0	0.036836	0.89983782	50.0	0.0	1.491769	0.0	0.0	0.0	0.543652	0.76568148	700.0	0.0	
685.0	1.5411	0.0	0.0526	0.0	0.0	0.0	0.5733	0.0	0.0	1.491678	0.0	0.0	0.0	0.037028	0.89691708	50.0	0.0	1.491678	0.0	0.0	0.0	0.534225	0.76415365	700.0	0.0	
690.0	1.5182	0.0	0.0403	0.0	0.0	0.0	0.5451	0.0	0.0	1.491614	0.0	0.0	0.0	0.035997	0.88853578	50.0	0.0	1.491614	0.0	0.0	0.0	0.524706	0.762684	700.0	0.0	
695.0	1.3827	0.0	0.0527	0.0	0.0	0.0	0.4216	0.0	0.0	1.491551	0.0	0.0	0.0	0.035832	0.89521522	50.0	0.0	1.491551	0.0	0.0	0.0	0.51536	0.76125684	700.0	0.0	
700.0	1.3121	0.0	0.0459	0.0	0.0	0.0	0.3467	0.0	0.0	1.491479	0.0	0.0	0.0	0.034328	0.90411358	50.0	0.0	1.491479	0.0	0.0	0.0	0.50631	0.75986085	700.0	0.0	
705.0	1.2495	0.0	0.0433	0.0	0.0	0.0	0.2855	0.0	0.0	1.491405	0.0	0.0	0.0	0.03488	0.88826496	50.0	0.0	1.491405	0.0	0.0	0.0	0.497462	0.7584903	700.0	0.0	
710.0	1.1975	0.0	0.0521	0.0	0.0	0.0	0.2413	0.0	0.0	1.491337	0.0	0.0	0.0	0.033584	0.9025204	50.0	0.0	1.491337	0.0	0.0	0.0	0.488698	0.75714035	700.0	0.0	
715.0	1.1727	0.0	0.0398	0.0	0.0	0.0	0.2077	0.0	0.0	1.491274	0.0	0.0	0.0	0.034106	0.88451481	50.0	0.0	1.491274	0.0	0.0	0.0	0.48005	0.75580213	700.0	0.0	
720.0	1.1982	0.0	0.045	0.0	0.0	0.0	0.2357	0.0	0.0	1.491219	0.0	0.0	0.0	0.033154	0.90047579	50.0	0.0	1.491219	0.0	0.0	0.0	0.47156	0.75446738	700.0	0.0	
725.0	1.125	0.0	0.0359	0.0	0.0	0.0	0.1548	0.0	0.0	1.491173	0.0	0.0	0.0	0.033709	0.88358444	50.0	0.0	1.491173	0.0	0.0	0.0	0.463222	0.75312883	700.0	0.0	
730.0	1.0913	0.0	0.0479	0.0	0.0	0.0	0.1355	0.0	0.0	1.491121	0.0	0.0	0.0	0.033056	0.89927955	50.0	0.0	1.491121	0.0	0.0	0.0	0.455117	0.7517753	700.0	0.0	
735.0	1.0494	0.0	0.0483	0.0	0.0	0.0	0.0946	0.0	0.0	1.491046	0.0	0.0	0.0	0.033769	0.88407476	50.0	0.0	1.491046	0.0	0.0	0.0	0.447384	0.75039515	700.0	0.0	
740.0	1.0446	0.0	0.0437	0.0	0.0	0.0	0.0859	0.0	0.0	1.490973	0.0	0.0	0.0	0.03328	0.8996238	50.0	0.0	1.490973	0.0	0.0	0.0	0.439807	0.74898795	700.0	0.0	
745.0	1.0249	0.0	0.0448	0.0	0.0	0.0	0.0677	0.0	0.0	1.49091	0.0	0.0	0.0	0.034233	0.88642966	50.0	0.0	1.49091	0.0	0.0	0.0	0.432328	0.74754938	700.0	0.0	
750.0	1.0243	0.0	0.0314	0.0	0.0	0.0	0.0546	0.0	0.0	1.490847	0.0	0.0	0.0	0.033788	0.90043584	50.0	0.0	1.490847	0.0	0.0	0.0	0.425007	0.74607055	700.0	0.0	
755.0	0.9909	0.0	0.0405	0.0	0.0	0.0	0.0303	0.0	0.0	1.490798	0.0	0.0	0.0	0.034991	0.89148261	50.0	0.0	1.490798	0.0	0.0	0.0	0.417764	0.74454884	700.0	0.0	
760.0	0.9964	0.0	0.0426	0.0	0.0	0.0	0.0373	0.0	0.0	1.490753	0.0	0.0	0.0	0.034549	0.9010836	50.0	0.0	1.490753	0.0	0.0	0.0	0.410666	0.74297578	700.0	0.0	
765.0	1.0029	0.0	0.0397	0.0	0.0	0.0	0.0423	0.0	0.0	1.490707	0.0	0.0	0.0	0.035887	0.89769889	50.0	0.0	1.490707	0.0	0.0	0.0	0.403623	0.74134657	700.0	0.0	
770.0	0.9798	0.0	0.0394	0.0	0.0	0.0	0.0183	0.0	0.0	1.490661	0.0	0.0	0.0	0.035561	0.90107224	50.0	0.0	1.490661	0.0	0.0	0.0	0.396688	0.73965554	700.0	0.0	
775.0	0.9728	0.0	0.0444	0.0	0.0	0.0	0.0165	0.0	0.0	1.490615	0.0	0.0	0.0	0.036739	0.90414018	50.0	0.0	1.490615	0.0	0.0	0.0	0.389939	0.73789754	700.0	0.0	
780.0	0.966	0.0	0.0519	0.0	0.0	0.0	0.0179	0.0	0.0	1.49057	0.0	0.0	0.0	0.036885	0.89874234	50.0	0.0	1.49057	0.0	0.0	0.0	0.383372	0.7360687	700.0	0.0	
785.0	0.9675	0.0	0.0427	0.0	0.0	0.0	0.0098	0.0	0.0	1.490524	0.0	0.0	0.0	0.03747	0.90887297	50.0	0.0	1.490524	0.0	0.0	0.0	0.376981	0.73416562	700.0	0.0	
790.0	0.9678	0.0	0.0404	0.0	0.0	0.0	0.0081	0.0	0.0	1.490478	0.0	0.0	0.0	0.038848	0.88764363	50.0	0.0	1.490478	0.0	0.0	0.0	0.370796	0.73218523	700.0	0.0	
795.0	0.9625	0.0	0.0437	0.0	0.0	0.0	0.0063	0.0	0.0	1.490433	0.0	0.0	0.0	0.039231	0.88458292	50.0	0.0	1.490433	0.0	0.0	0.0	0.364752	0.73012516	700.0	0.0	
800.0	0.9611	0.0	0.047	0.0	0.0	0.0	0.0077	0.0	0.0	1.490387	0.0	0.0	0.0	0.039266	0.90619673	50.0	0.0	1.490387	0.0	0.0	0.0	0.358848	0.72798314	700.0	0.0	
805.0	0.9531	0.0	0.0485	0.0	0.0	0.0	0.0017	0.0	0.0	1.490341	0.0	0.0	0.0	0.038847	0.90938983	50.0	0.0	1.490341	0.0	0.0	0.0	0.353081	0.72575729	700.0	0.0	
810.0	0.9635	0.0	0.0365	0.0	0.0	0.0	0.0	0.0	0.0	1.490295	0.0	0.0	0.0	0.039619	0.91258839	50.0	0.0	1.490295	0.0	0.0	0.0	0.347448	0.72344615	700.0	0.0	
815.0	0.9611	0.0	0.0389	0.0	0.0	0.0	0.0	0.0	0.0	1.49025	0.0	0.0	0.0	0.039902	0.903459	50.0	0.0	1.49025	0.0	0.0	0.0	0.341946	0.72104863	700.0	0.0	
820.0	0.9553	0.0	0.0447	0.0	0.0	0.0	0.0	0.0	0.0	1.490204	0.0	0.0	0.0	0.03965	0.91352506	50.0	0.0	1.490204	0.0	0.0	0.0	0.336664	0.71856491	700.0	0.0	
825.0	0.9558	0.0	0.0442	0.0	0.0	0.0	0.0	0.0	0.0	1.490158	0.0	0.0	0.0	0.040416	0.9086426	50.0	0.0	1.490158	0.0	0.0	0.0	0.331537	0.71599447	700.0	0.0	
830.0	0.9567	0.0	0.0433	0.0	0.0	0.0	0.0	0.0	0.0	1.490112	0.0	0.0	0.0	0.039738	0.91031308	50.0	0.0	1.490112	0.0	0.0	0.0	0.326502	0.71333671	700.0	0.0	
835.0	0.9615	0.0	0.0385	0.0	0.0	0.0	0.0	0.0	0.0	1.490067	0.0	0.0	0.0	0.039993	0.91477427	50.0	0.0	1.490067	0.0	0.0	0.0	0.321563	0.71059185	700.0	0.0	
840.0	0.9529	0.0	0.0471	0.0	0.0	0.0	0.0	0.0	0.0	1.490031	0.0	0.0	0.0	0.040392	0.90008477	50.0	0.0	1.490031	0.0	0.0	0.0	0.31667	0.70776279	700.0	0.0	
845.0	0.9553	0.0	0.0447	0.0	0.0	0.0	0.0	0.0	0.0	1.490014	0.0	0.0	0.0	0.03966	0.9061746	50.0	0.0	1.490014	0.0	0.0	0.0	0.311775	0.70485177	700.0	0.0	
850.0	0.9548	0.0	0.0452	0.0	0.0	0.0	0.0	0.0	0.0	1.489995	0.0	0.0	0.0	0.039737	0.91183175	50.0	0.0	1.489995	0.0	0.0	0.0	0.307003	0.70185599	700.0	0.0	
855.0	0.9515	0.0	0.0485	0.0	0.0	0.0	0.0	0.0	0.0	1.489966	0.0	0.0	0.0	0.039182	0.90665096	50.0	0.0	1.489966	0.0	0.0	0.0	0.302376	0.69877516	700.0	0.0	
860.0	0.9548	0.0	0.0452	0.0	0.0	0.0	0.0	0.0	0.0	1.489938	0.0	0.0	0.0	0.038659	0.91267145	50.0	0.0	1.489938	0.0	0.0	0.0	0.297856	0.69561313	700.0	0.0	
865.0	0.9596	0.0	0.0404	0.0	0.0	0.0	0.0	0.0	0.0	1.489892	0.0	0.0	0.0	0.039044	0.90489021	50.0	0.0	1.489892	0.0	0.0	0.0	0.293505	0.69236742	700.0	0.0	
870.0	0.9524	0.0	0.0476	0.0	0.0	0.0	0.0	0.0	0.0	1.489846	0.0	0.0	0.0	0.038038	0.90488692	50.0	0.0	1.489846	0.0	0.0	0.0	0.289252	0.68904438	700.0	0.0	
875.0	0.95	0.0	0.05	0.0	0.0	0.0	0.0	0.0	0.0	1.489824	0.0	0.0	0.0	0.037576	0.91054548	50.0	0.0	1.489824	0.0	0.0	0.0	0.285098	0.68565522	700.0	0.0	
880.0	0.9534	0.0	0.0466	0.0	0.0	0.0	0.0	0.0	0.0	1.489806	0.0	0.0	0.0	0.038626	0.88234076	50.0	0.0	1.489806	0.0	0.0	0.0	0.281038	0.68219599	700.0	0.0	
885.0	0.9529	0.0	0.0471	0.0	0.0	0.0	0.0	0.0	0.0	1.489782	0.0	0.0	0.0	0.036938	0.89768532	50.0	0.0	1.489782	0.0	0.0	0.0	0.277068	0.67866438	700.0	0.0	
890.0	0.9587	0.0	0.0413	0.0	0.0	0.0	0.0	0.0	0.0	1.489754	0.0	0.0	0.0	0.036282	0.90766874	50.0	0.0	1.489754	0.0	0.0	0.0	0.273186	0.67506402	700.0	0.0	
895.0	0.9471	0.0	0.0529	0.0	0.0	0.0	0.0	0.0	0.0	1.48973	0.0	0.0	0.0	0.03756	0.86995269	50.0	0.0	1.48973	0.0	0.0	0.0	0.269346	0.67139949	700.0	0.0	

Input file:
mc
output:dual_layer_example
particle1:cals_red.txt
particle2:baso4.txt
matrix1:acrylic.txt
mesh:1
light:am15.txt
emit1:cals_emis.txt
excit_start_end1:302,700
qy1:cals_qy.txt
photons:2000
start:300
end:900
interval:5

sim:1
upper:1
lower:1
layer1
matrix1
t:50
particle1
fluor:1
d:10
vf:10
dist:0
layer2
matrix1
t:700
particle2
fluor:0
d:0.4
vf:60
dist:0
