Sim 3

Light Normalized Radiosity: 79.47916%
Light Absorptance (heat generated by Stokes shift, Quantum Yield, non-fluorescent particles, and medium ): 17.59407%
Light Transmittance: 2.92676%
Stokes Shift Absorptance (converted to heat): 8.53429%
Quantum Yield Absorptance (converted to heat): 9.05903%
Total Fluorescent Absorptance (absorptance of photons by fluorescent particles): 43.00324%
Fluorescent Absorptance (converted to fluorescent emission): 25.7108%
Reflectance by Fluorescent Emission: 24.18043%
Non-Fluorescent Particles and Medium Absorptance (converted to heat): 0.00075%

Note: In the column headers below, the number in parentheses indicates the layer number for each attenuation coefficient (e.g., mu_s(1), mu_med(1), mu_a(1), mu_af(1) for layer 1)
Note: The units are based on micrometer
Wavelength	Normalized Radiosity	Absorptance	Transmittance	Stokes Shift Absorptance	Quantum Yield Absorptance	Total Fluorescent Absorptance	Reflectance (via fluorescent emission)	Fluorescent Absorptance	Non-Fluorescent Particles/Medium Absorptance	n_medium(1)	k_medium(1)	mu_a(non-fluorescent)(1)	mu_a(medium)(1)	mu_s(1)	g(1)	Thickness(1)	mu_a(fluorescent)1(1)	n_medium(2)	k_medium(2)	mu_a(non-fluorescent)(2)	mu_a(medium)(2)	mu_s(2)	g(2)	Thickness(2)	mu_a(fluorescent)1(2)
300.0	0.2008	0.4848	0.0039	0.3015	0.1601	0.7681	0.0	0.2857	0.0272	1.527716	1e-06	0.0	3.8e-05	0.031941	0.93574184	150.0	0.002845	1.527716	1e-06	0.0	1.7e-05	2.58293	0.93486992	700.0	0.0	
305.0	0.0643	0.5444	0.0037	0.3699	0.1746	0.9257	0.0	0.3578	0.0063	1.525881	1e-06	0.0	3e-05	0.02623	0.95568934	150.0	0.009276	1.525881	1e-06	0.0	1.3e-05	2.532459	0.93252777	700.0	0.0	
310.0	0.0578	0.5582	0.0012	0.3575	0.203	0.9373	0.0	0.355	0.0037	1.524121	1e-06	0.0	2.2e-05	0.025751	0.95916539	150.0	0.010179	1.524121	1e-06	0.0	1e-05	2.482261	0.93029197	700.0	0.0	
315.0	0.049	0.5507	0.0021	0.3566	0.1977	0.9461	0.0	0.3684	0.0029	1.522519	0.0	0.0	1.5e-05	0.025417	0.96113043	150.0	0.010787	1.522519	0.0	0.0	6e-06	2.431564	0.9282768	700.0	0.0	
320.0	0.0508	0.536	0.0023	0.3541	0.1856	0.9454	0.0	0.3804	0.0014	1.520984	0.0	0.0	8e-06	0.025006	0.9619077	150.0	0.011274	1.520984	0.0	0.0	4e-06	2.379215	0.92652431	700.0	0.0	
325.0	0.0511	0.54	0.0027	0.3563	0.1881	0.9453	0.0	0.383	0.0009	1.51955	0.0	0.0	3e-06	0.024398	0.96313438	150.0	0.011639	1.51955	0.0	0.0	2e-06	2.329496	0.92501142	700.0	0.0	
330.0	0.05	0.5276	0.0024	0.3415	0.1905	0.947	0.0	0.3902	0.0007	1.5182	0.0	0.0	1e-06	0.023531	0.96374278	150.0	0.012189	1.5182	0.0	0.0	0.0	2.278961	0.92368291	700.0	0.0	
335.0	0.0498	0.5296	0.0	0.3311	0.204	0.9501	0.0	0.3907	0.0	1.516911	0.0	0.0	0.0	0.022655	0.96511854	150.0	0.012668	1.516911	0.0	0.0	0.0	2.229536	0.92244118	700.0	0.0	
340.0	0.0487	0.5275	0.0005	0.3297	0.2036	0.9508	0.0	0.3961	0.0	1.51574	0.0	0.0	0.0	0.021896	0.96610867	150.0	0.013201	1.51574	0.0	0.0	0.0	2.178984	0.92119936	700.0	0.0	
345.0	0.0476	0.5234	0.0	0.3336	0.194	0.9524	0.0	0.4075	0.0	1.514571	0.0	0.0	0.0	0.021389	0.96735753	150.0	0.013596	1.514571	0.0	0.0	0.0	2.130082	0.91985578	700.0	0.0	
350.0	0.047	0.512	0.0019	0.3234	0.1917	0.9511	0.0	0.416	0.0	1.5135	0.0	0.0	0.0	0.021115	0.9688443	150.0	0.013936	1.5135	0.0	0.0	0.0	2.080343	0.91836071	700.0	0.0	
355.0	0.045	0.5098	0.001	0.3227	0.1936	0.9541	0.0	0.4207	0.0	1.51249	0.0	0.0	0.0	0.021117	0.96980471	150.0	0.014151	1.51249	0.0	0.0	0.0	2.034258	0.91666511	700.0	0.0	
360.0	0.0482	0.504	0.0005	0.3169	0.1931	0.9513	0.0	0.4252	0.0	1.51152	0.0	0.0	0.0	0.021263	0.97055786	150.0	0.014296	1.51152	0.0	0.0	0.0	1.988974	0.91476856	700.0	0.0	
365.0	0.0452	0.4989	0.0029	0.3116	0.1917	0.9519	0.0	0.432	0.0	1.510569	0.0	0.0	0.0	0.021441	0.97117111	150.0	0.014405	1.510569	0.0	0.0	0.0	1.942717	0.91268834	700.0	0.0	
370.0	0.0446	0.4919	0.0019	0.3045	0.1913	0.9535	0.0	0.4402	0.0	1.509753	0.0	0.0	0.0	0.02158	0.97157977	150.0	0.014486	1.509753	0.0	0.0	0.0	1.899259	0.91046063	700.0	0.0	
375.0	0.0435	0.4791	0.0029	0.3012	0.1817	0.9536	0.0	0.4534	0.0	1.508904	0.0	0.0	0.0	0.021599	0.97183848	150.0	0.01456	1.508904	0.0	0.0	0.0	1.856406	0.90811347	700.0	0.0	
380.0	0.0458	0.477	0.0024	0.2968	0.1832	0.9518	0.0	0.4554	0.0	1.50812	0.0	0.0	0.0	0.021493	0.97189733	150.0	0.014625	1.50812	0.0	0.0	0.0	1.81535	0.90569907	700.0	0.0	
385.0	0.0453	0.4698	0.001	0.2904	0.1827	0.9538	0.0	0.4634	0.0	1.507432	0.0	0.0	0.0	0.021318	0.97151126	150.0	0.01465	1.507432	0.0	0.0	0.0	1.772572	0.90326968	700.0	0.0	
390.0	0.0433	0.4608	0.0019	0.2904	0.1736	0.9548	0.0	0.475	0.0	1.506704	0.0	0.0	0.0	0.021064	0.97109199	150.0	0.014691	1.506704	0.0	0.0	0.0	1.734036	0.90083356	700.0	0.0	
395.0	0.0456	0.469	0.0005	0.2759	0.1962	0.954	0.0	0.4668	0.0	1.50605	0.0	0.0	0.0	0.020735	0.97104145	150.0	0.014779	1.50605	0.0	0.0	0.0	1.69537	0.89844219	700.0	0.0	
400.0	0.0441	0.4505	0.001	0.2764	0.1784	0.955	0.0	0.4861	0.0	1.505402	0.0	0.0	0.0	0.020437	0.97113316	150.0	0.014876	1.505402	0.0	0.0	0.0	1.657824	0.89610714	700.0	0.0	
405.0	0.0445	0.4637	0.0	0.2612	0.2058	0.9555	0.0	0.474	0.0	1.504801	0.0	0.0	0.0	0.020331	0.97069871	150.0	0.014885	1.504801	0.0	0.0	0.0	1.620426	0.89385129	700.0	0.0	
410.0	0.0439	0.4435	0.0005	0.2581	0.189	0.9556	0.0	0.4924	0.0	1.504205	0.0	0.0	0.0	0.020349	0.97056772	150.0	0.01487	1.504205	0.0	0.0	0.0	1.584529	0.8916761	700.0	0.0	
415.0	0.0438	0.4405	0.0005	0.2528	0.1919	0.9557	0.0	0.4956	0.0	1.503613	0.0	0.0	0.0	0.020397	0.97079627	150.0	0.014932	1.503613	0.0	0.0	0.0	1.549845	0.8895868	700.0	0.0	
420.0	0.0423	0.4415	0.001	0.2511	0.1938	0.9567	0.0	0.5009	0.0	1.50309	0.0	0.0	0.0	0.020549	0.97121967	150.0	0.014992	1.50309	0.0	0.0	0.0	1.515555	0.88759403	700.0	0.0	
425.0	0.0432	0.4387	0.001	0.246	0.1953	0.9558	0.0	0.5035	0.0	1.502587	0.0	0.0	0.0	0.020937	0.97064048	150.0	0.014834	1.502587	0.0	0.0	0.0	1.482139	0.88568803	700.0	0.0	
430.0	0.0451	0.4204	0.0005	0.2424	0.1814	0.9544	0.0	0.5193	0.0	1.502113	0.0	0.0	0.0	0.02139	0.97003562	150.0	0.014653	1.502113	0.0	0.0	0.0	1.449743	0.88386379	700.0	0.0	
435.0	0.0426	0.4214	0.0014	0.2323	0.1929	0.956	0.0	0.5176	0.0	1.501656	0.0	0.0	0.0	0.02159	0.97012968	150.0	0.014665	1.501656	0.0	0.0	0.0	1.418323	0.88211231	700.0	0.0	
440.0	0.044	0.4235	0.001	0.2278	0.1987	0.955	0.0	0.5192	0.0	1.501219	0.0	0.0	0.0	0.021523	0.97106927	150.0	0.014832	1.501219	0.0	0.0	0.0	1.38748	0.88042548	700.0	0.0	
445.0	0.0462	0.4277	0.0005	0.2264	0.2045	0.9633	0.0028	0.5276	0.0	1.500807	0.0	0.0	0.0	0.021116	0.97264987	150.0	0.015222	1.500807	0.0	0.0	0.0	1.357097	0.87879275	700.0	0.0	
450.0	0.0458	0.4152	0.001	0.2286	0.1894	0.9631	0.0019	0.5432	0.0	1.500407	0.0	0.0	0.0	0.020783	0.97352241	150.0	0.015453	1.500407	0.0	0.0	0.0	1.327399	0.87719856	700.0	0.0	
455.0	0.0454	0.4084	0.0019	0.2192	0.192	0.9571	0.0011	0.543	0.0	1.500041	0.0	0.0	0.0	0.021032	0.97164131	150.0	0.015104	1.500041	0.0	0.0	0.0	1.29799	0.8756324	700.0	0.0	
460.0	0.0492	0.4051	0.0014	0.2098	0.1981	0.958	0.003	0.5474	0.0	1.499675	0.0	0.0	0.0	0.02147	0.96838033	150.0	0.014509	1.499675	0.0	0.0	0.0	1.2695	0.87407219	700.0	0.0	
465.0	0.0463	0.4187	0.0014	0.2049	0.2151	0.9664	0.0035	0.5447	0.0	1.499309	0.0	0.0	0.0	0.021148	0.96818175	150.0	0.014592	1.499309	0.0	0.0	0.0	1.242442	0.87249881	700.0	0.0	
470.0	0.0476	0.4183	0.0005	0.201	0.22	0.9665	0.0029	0.5483	0.0	1.498946	0.0	0.0	0.0	0.020736	0.96877644	150.0	0.014786	1.498946	0.0	0.0	0.0	1.216124	0.87089922	700.0	0.0	
475.0	0.0441	0.3945	0.0	0.2	0.1965	0.9681	0.0014	0.5726	0.0	1.498618	0.0	0.0	0.0	0.020885	0.96674482	150.0	0.014423	1.498618	0.0	0.0	0.0	1.189991	0.86926328	700.0	0.0	
480.0	0.047	0.3886	0.0005	0.1884	0.2019	0.9605	0.0015	0.5685	0.0	1.498298	0.0	0.0	0.0	0.021503	0.96254986	150.0	0.013602	1.498298	0.0	0.0	0.0	1.164468	0.86757001	700.0	0.0	
485.0	0.0461	0.3735	0.0034	0.1847	0.1901	0.9549	0.0011	0.5795	0.0	1.49801	0.0	0.0	0.0	0.022279	0.95816958	150.0	0.012725	1.49801	0.0	0.0	0.0	1.139667	0.86580682	700.0	0.0	
490.0	0.0466	0.3705	0.0014	0.1751	0.1975	0.9595	0.0006	0.5852	0.0	1.497735	0.0	0.0	0.0	0.023188	0.95403154	150.0	0.011862	1.497735	0.0	0.0	0.0	1.115567	0.86395852	700.0	0.0	
495.0	0.0528	0.369	0.0014	0.1699	0.2012	0.9536	0.0016	0.5821	0.0	1.497461	0.0	0.0	0.0	0.024101	0.95094249	150.0	0.011147	1.497461	0.0	0.0	0.0	1.092154	0.86201176	700.0	0.0	
500.0	0.0542	0.3645	0.0019	0.166	0.1995	0.9505	0.0021	0.5847	0.0	1.497186	0.0	0.0	0.0	0.024965	0.94902802	150.0	0.010604	1.497186	0.0	0.0	0.0	1.069414	0.85995685	700.0	0.0	
505.0	0.0554	0.3595	0.0014	0.1615	0.1984	0.949	0.0023	0.591	0.0	1.496912	0.0	0.0	0.0	0.026005	0.94707814	150.0	0.00997	1.496912	0.0	0.0	0.0	1.047336	0.85778639	700.0	0.0	
510.0	0.0559	0.3459	0.0014	0.1581	0.1878	0.948	0.0024	0.6035	0.0	1.496637	0.0	0.0	0.0	0.027006	0.94576984	150.0	0.009424	1.496637	0.0	0.0	0.0	1.025906	0.85549545	700.0	0.0	
515.0	0.0596	0.3421	0.001	0.1509	0.1922	0.9476	0.0013	0.6069	0.0	1.496372	0.0	0.0	0.0	0.028024	0.94429071	150.0	0.008862	1.496372	0.0	0.0	0.0	1.004991	0.85308353	700.0	0.0	
520.0	0.0701	0.3307	0.0005	0.1469	0.1842	0.9401	0.0051	0.6136	0.0	1.49614	0.0	0.0	0.0	0.028975	0.94261557	150.0	0.008318	1.49614	0.0	0.0	0.0	0.984291	0.85055529	700.0	0.0	
525.0	0.0738	0.3373	0.0024	0.1375	0.1995	0.9382	0.0046	0.608	0.0	1.495911	0.0	0.0	0.0	0.029831	0.94077985	150.0	0.007773	1.495911	0.0	0.0	0.0	0.964181	0.8479082	700.0	0.0	
530.0	0.0704	0.3223	0.0048	0.1361	0.1853	0.9413	0.0055	0.6261	0.0	1.495726	0.0	0.0	0.0	0.030569	0.93840692	150.0	0.007215	1.495726	0.0	0.0	0.0	0.944692	0.84515557	700.0	0.0	
535.0	0.0848	0.3119	0.0064	0.1314	0.18	0.9244	0.0075	0.6219	0.0	1.495544	0.0	0.0	0.0	0.031186	0.93540594	150.0	0.006633	1.495544	0.0	0.0	0.0	0.9258	0.84229778	700.0	0.0	
540.0	0.0907	0.3222	0.0062	0.1217	0.1997	0.9215	0.008	0.6119	0.0	1.495361	0.0	0.0	0.0	0.031652	0.93247972	150.0	0.006053	1.495361	0.0	0.0	0.0	0.907081	0.83934343	700.0	0.0	
545.0	0.0956	0.3176	0.0057	0.1212	0.195	0.9174	0.0063	0.6148	0.0	1.495178	0.0	0.0	0.0	0.031902	0.93062365	150.0	0.00545	1.495178	0.0	0.0	0.0	0.888811	0.83630405	700.0	0.0	
550.0	0.104	0.3086	0.0053	0.115	0.1921	0.9188	0.0118	0.6244	0.0	1.494995	0.0	0.0	0.0	0.031886	0.93059626	150.0	0.004836	1.494995	0.0	0.0	0.0	0.871395	0.83319352	700.0	0.0	
555.0	0.1253	0.2985	0.0062	0.1059	0.1914	0.8874	0.0091	0.6045	0.0	1.494812	0.0	0.0	0.0	0.031694	0.92987293	150.0	0.004275	1.494812	0.0	0.0	0.0	0.854716	0.83002601	700.0	0.0	
560.0	0.1549	0.2993	0.0071	0.1031	0.1932	0.8739	0.0166	0.5956	0.0	1.494629	0.0	0.0	0.0	0.031448	0.92654676	150.0	0.003786	1.494629	0.0	0.0	0.0	0.838529	0.82681583	700.0	0.0	
565.0	0.1617	0.2951	0.0063	0.1045	0.1867	0.8765	0.023	0.6088	0.0	1.494446	0.0	0.0	0.0	0.031359	0.91966593	150.0	0.003385	1.494446	0.0	0.0	0.0	0.82281	0.82357817	700.0	0.0	
570.0	0.1975	0.2955	0.0062	0.1015	0.1906	0.8492	0.0286	0.5838	0.0	1.494273	0.0	0.0	0.0	0.031715	0.90831261	150.0	0.002996	1.494273	0.0	0.0	0.0	0.807537	0.82033083	700.0	0.0	
575.0	0.2408	0.2879	0.0073	0.0988	0.1835	0.8348	0.0435	0.5828	0.0	1.494135	0.0	0.0	0.0	0.031938	0.90608287	150.0	0.002563	1.494135	0.0	0.0	0.0	0.79269	0.8170948	700.0	0.0	
580.0	0.2889	0.3025	0.0093	0.0996	0.1965	0.7974	0.057	0.5447	0.0	1.493998	0.0	0.0	0.0	0.03192	0.91187966	150.0	0.002126	1.493998	0.0	0.0	0.0	0.778157	0.81387634	700.0	0.0	
585.0	0.3607	0.2972	0.0123	0.1053	0.1838	0.7636	0.0914	0.5276	0.0	1.493861	0.0	0.0	0.0	0.031811	0.91580715	150.0	0.001644	1.493861	0.0	0.0	0.0	0.763715	0.8106886	700.0	0.0	
590.0	0.5129	0.2887	0.0139	0.1002	0.1763	0.6831	0.1494	0.4666	0.0	1.493723	0.0	0.0	0.0	0.032227	0.90802201	150.0	0.001328	1.493723	0.0	0.0	0.0	0.749604	0.80754529	700.0	0.0	
595.0	0.662	0.274	0.0214	0.097	0.166	0.5921	0.2188	0.396	0.0	1.493586	0.0	0.0	0.0	0.033637	0.89412878	150.0	0.000892	1.493586	0.0	0.0	0.0	0.736136	0.80445862	700.0	0.0	
600.0	1.2188	0.13	0.0315	0.0456	0.077	0.2601	0.472	0.1715	0.0	1.493449	0.0	0.0	0.0	0.034598	0.90219348	150.0	0.00023	1.493449	0.0	0.0	0.0	0.723096	0.80143854	700.0	0.0	
605.0	1.6955	0.0	0.0558	0.0	0.0	0.0	0.7305	0.0	0.0	1.493312	0.0	0.0	0.0	0.034638	0.91346803	150.0	0.0	1.493312	0.0	0.0	0.0	0.710357	0.79849406	700.0	0.0	
610.0	1.8336	0.0	0.054	0.0	0.0	0.0	0.8639	0.0	0.0	1.493182	0.0	0.0	0.0	0.035348	0.90286514	150.0	0.0	1.493182	0.0	0.0	0.0	0.697759	0.79563496	700.0	0.0	
615.0	1.9592	0.0	0.0631	0.0	0.0	0.0	0.9966	0.0	0.0	1.493074	0.0	0.0	0.0	0.036778	0.89702815	150.0	0.0	1.493074	0.0	0.0	0.0	0.685069	0.79287124	700.0	0.0	
620.0	2.0419	0.0	0.0713	0.0	0.0	0.0	1.0779	0.0	0.0	1.492964	0.0	0.0	0.0	0.036815	0.9142985	150.0	0.0	1.492964	0.0	0.0	0.0	0.672669	0.79020262	700.0	0.0	
625.0	2.2057	0.0	0.056	0.0	0.0	0.0	1.2341	0.0	0.0	1.492844	0.0	0.0	0.0	0.036998	0.91349056	150.0	0.0	1.492844	0.0	0.0	0.0	0.660706	0.78763	700.0	0.0	
630.0	2.2596	0.0	0.0667	0.0	0.0	0.0	1.2937	0.0	0.0	1.492724	0.0	0.0	0.0	0.038546	0.8986999	150.0	0.0	1.492724	0.0	0.0	0.0	0.648983	0.7851583	700.0	0.0	
635.0	2.3148	0.0	0.0598	0.0	0.0	0.0	1.3421	0.0	0.0	1.492614	0.0	0.0	0.0	0.038445	0.91592931	150.0	0.0	1.492614	0.0	0.0	0.0	0.637534	0.78279025	700.0	0.0	
640.0	2.2477	0.0	0.0678	0.0	0.0	0.0	1.2871	0.0	0.0	1.492506	0.0	0.0	0.0	0.038268	0.91479774	150.0	0.0	1.492506	0.0	0.0	0.0	0.626309	0.7805237	700.0	0.0	
645.0	2.2289	0.0	0.0615	0.0	0.0	0.0	1.2563	0.0	0.0	1.492409	0.0	0.0	0.0	0.039516	0.90168688	150.0	0.0	1.492409	0.0	0.0	0.0	0.615361	0.77835873	700.0	0.0	
650.0	2.2356	0.0	0.0688	0.0	0.0	0.0	1.2688	0.0	0.0	1.492318	0.0	0.0	0.0	0.038809	0.91826799	150.0	0.0	1.492318	0.0	0.0	0.0	0.604643	0.77629142	700.0	0.0	
655.0	2.2024	0.0	0.0844	0.0	0.0	0.0	1.2408	0.0	0.0	1.492226	0.0	0.0	0.0	0.038681	0.90738601	150.0	0.0	1.492226	0.0	0.0	0.0	0.594072	0.77431801	700.0	0.0	
660.0	2.0918	0.0	0.0664	0.0	0.0	0.0	1.125	0.0	0.0	1.492135	0.0	0.0	0.0	0.039481	0.90045622	150.0	0.0	1.492135	0.0	0.0	0.0	0.583652	0.7724342	700.0	0.0	
665.0	2.0034	0.0	0.0712	0.0	0.0	0.0	1.0385	0.0	0.0	1.492043	0.0	0.0	0.0	0.037942	0.91521242	150.0	0.0	1.492043	0.0	0.0	0.0	0.573377	0.77063501	700.0	0.0	
670.0	1.8651	0.0	0.0572	0.0	0.0	0.0	0.8988	0.0	0.0	1.491952	0.0	0.0	0.0	0.038503	0.89675074	150.0	0.0	1.491952	0.0	0.0	0.0	0.563205	0.76891521	700.0	0.0	
675.0	1.7935	0.0	0.0588	0.0	0.0	0.0	0.8305	0.0	0.0	1.491861	0.0	0.0	0.0	0.037395	0.91280396	150.0	0.0	1.491861	0.0	0.0	0.0	0.553252	0.76726699	700.0	0.0	
680.0	1.7077	0.0	0.0561	0.0	0.0	0.0	0.7447	0.0	0.0	1.491769	0.0	0.0	0.0	0.036836	0.89983782	150.0	0.0	1.491769	0.0	0.0	0.0	0.543652	0.76568148	700.0	0.0	
685.0	1.6972	0.0	0.0579	0.0	0.0	0.0	0.7328	0.0	0.0	1.491678	0.0	0.0	0.0	0.037028	0.89691708	150.0	0.0	1.491678	0.0	0.0	0.0	0.534225	0.76415365	700.0	0.0	
690.0	1.6102	0.0	0.0544	0.0	0.0	0.0	0.6429	0.0	0.0	1.491614	0.0	0.0	0.0	0.035997	0.88853578	150.0	0.0	1.491614	0.0	0.0	0.0	0.524706	0.762684	700.0	0.0	
695.0	1.4793	0.0	0.0508	0.0	0.0	0.0	0.5173	0.0	0.0	1.491551	0.0	0.0	0.0	0.035832	0.89521522	150.0	0.0	1.491551	0.0	0.0	0.0	0.51536	0.76125684	700.0	0.0	
700.0	1.3836	0.0	0.0474	0.0	0.0	0.0	0.4182	0.0	0.0	1.491479	0.0	0.0	0.0	0.034328	0.90411358	150.0	0.0	1.491479	0.0	0.0	0.0	0.50631	0.75986085	700.0	0.0	
705.0	1.3249	0.0	0.0469	0.0	0.0	0.0	0.3633	0.0	0.0	1.491405	0.0	0.0	0.0	0.03488	0.88826496	150.0	0.0	1.491405	0.0	0.0	0.0	0.497462	0.7584903	700.0	0.0	
710.0	1.2384	0.0	0.0501	0.0	0.0	0.0	0.2778	0.0	0.0	1.491337	0.0	0.0	0.0	0.033584	0.9025204	150.0	0.0	1.491337	0.0	0.0	0.0	0.488698	0.75714035	700.0	0.0	
715.0	1.2431	0.0	0.0389	0.0	0.0	0.0	0.2749	0.0	0.0	1.491274	0.0	0.0	0.0	0.034106	0.88451481	150.0	0.0	1.491274	0.0	0.0	0.0	0.48005	0.75580213	700.0	0.0	
720.0	1.2416	0.0	0.0468	0.0	0.0	0.0	0.281	0.0	0.0	1.491219	0.0	0.0	0.0	0.033154	0.90047579	150.0	0.0	1.491219	0.0	0.0	0.0	0.47156	0.75446738	700.0	0.0	
725.0	1.1669	0.0	0.0456	0.0	0.0	0.0	0.2049	0.0	0.0	1.491173	0.0	0.0	0.0	0.033709	0.88358444	150.0	0.0	1.491173	0.0	0.0	0.0	0.463222	0.75312883	700.0	0.0	
730.0	1.1331	0.0	0.05	0.0	0.0	0.0	0.1778	0.0	0.0	1.491121	0.0	0.0	0.0	0.033056	0.89927955	150.0	0.0	1.491121	0.0	0.0	0.0	0.455117	0.7517753	700.0	0.0	
735.0	1.0842	0.0	0.0458	0.0	0.0	0.0	0.126	0.0	0.0	1.491046	0.0	0.0	0.0	0.033769	0.88407476	150.0	0.0	1.491046	0.0	0.0	0.0	0.447384	0.75039515	700.0	0.0	
740.0	1.0747	0.0	0.0435	0.0	0.0	0.0	0.1141	0.0	0.0	1.490973	0.0	0.0	0.0	0.03328	0.8996238	150.0	0.0	1.490973	0.0	0.0	0.0	0.439807	0.74898795	700.0	0.0	
745.0	1.0416	0.0	0.0466	0.0	0.0	0.0	0.0858	0.0	0.0	1.49091	0.0	0.0	0.0	0.034233	0.88642966	150.0	0.0	1.49091	0.0	0.0	0.0	0.432328	0.74754938	700.0	0.0	
750.0	1.0184	0.0	0.0454	0.0	0.0	0.0	0.0626	0.0	0.0	1.490847	0.0	0.0	0.0	0.033788	0.90043584	150.0	0.0	1.490847	0.0	0.0	0.0	0.425007	0.74607055	700.0	0.0	
755.0	0.9995	0.0	0.0429	0.0	0.0	0.0	0.0409	0.0	0.0	1.490798	0.0	0.0	0.0	0.034991	0.89148261	150.0	0.0	1.490798	0.0	0.0	0.0	0.417764	0.74454884	700.0	0.0	
760.0	0.9977	0.0	0.0398	0.0	0.0	0.0	0.0357	0.0	0.0	1.490753	0.0	0.0	0.0	0.034549	0.9010836	150.0	0.0	1.490753	0.0	0.0	0.0	0.410666	0.74297578	700.0	0.0	
765.0	1.0087	0.0	0.0391	0.0	0.0	0.0	0.0476	0.0	0.0	1.490707	0.0	0.0	0.0	0.035887	0.89769889	150.0	0.0	1.490707	0.0	0.0	0.0	0.403623	0.74134657	700.0	0.0	
770.0	0.9758	0.0	0.0479	0.0	0.0	0.0	0.0225	0.0	0.0	1.490661	0.0	0.0	0.0	0.035561	0.90107224	150.0	0.0	1.490661	0.0	0.0	0.0	0.396688	0.73965554	700.0	0.0	
775.0	0.9846	0.0	0.0371	0.0	0.0	0.0	0.0211	0.0	0.0	1.490615	0.0	0.0	0.0	0.036739	0.90414018	150.0	0.0	1.490615	0.0	0.0	0.0	0.389939	0.73789754	700.0	0.0	
780.0	0.9706	0.0	0.0439	0.0	0.0	0.0	0.0139	0.0	0.0	1.49057	0.0	0.0	0.0	0.036885	0.89874234	150.0	0.0	1.49057	0.0	0.0	0.0	0.383372	0.7360687	700.0	0.0	
785.0	0.9627	0.0	0.0482	0.0	0.0	0.0	0.0107	0.0	0.0	1.490524	0.0	0.0	0.0	0.03747	0.90887297	150.0	0.0	1.490524	0.0	0.0	0.0	0.376981	0.73416562	700.0	0.0	
790.0	0.9665	0.0	0.0443	0.0	0.0	0.0	0.0107	0.0	0.0	1.490478	0.0	0.0	0.0	0.038848	0.88764363	150.0	0.0	1.490478	0.0	0.0	0.0	0.370796	0.73218523	700.0	0.0	
795.0	0.962	0.0	0.0453	0.0	0.0	0.0	0.0072	0.0	0.0	1.490433	0.0	0.0	0.0	0.039231	0.88458292	150.0	0.0	1.490433	0.0	0.0	0.0	0.364752	0.73012516	700.0	0.0	
800.0	0.9608	0.0	0.0466	0.0	0.0	0.0	0.0074	0.0	0.0	1.490387	0.0	0.0	0.0	0.039266	0.90619673	150.0	0.0	1.490387	0.0	0.0	0.0	0.358848	0.72798314	700.0	0.0	
805.0	0.957	0.0	0.0437	0.0	0.0	0.0	0.0008	0.0	0.0	1.490341	0.0	0.0	0.0	0.038847	0.90938983	150.0	0.0	1.490341	0.0	0.0	0.0	0.353081	0.72575729	700.0	0.0	
810.0	0.9587	0.0	0.0413	0.0	0.0	0.0	0.0	0.0	0.0	1.490295	0.0	0.0	0.0	0.039619	0.91258839	150.0	0.0	1.490295	0.0	0.0	0.0	0.347448	0.72344615	700.0	0.0	
815.0	0.9582	0.0	0.0418	0.0	0.0	0.0	0.0	0.0	0.0	1.49025	0.0	0.0	0.0	0.039902	0.903459	150.0	0.0	1.49025	0.0	0.0	0.0	0.341946	0.72104863	700.0	0.0	
820.0	0.951	0.0	0.049	0.0	0.0	0.0	0.0	0.0	0.0	1.490204	0.0	0.0	0.0	0.03965	0.91352506	150.0	0.0	1.490204	0.0	0.0	0.0	0.336664	0.71856491	700.0	0.0	
825.0	0.9596	0.0	0.0404	0.0	0.0	0.0	0.0	0.0	0.0	1.490158	0.0	0.0	0.0	0.040416	0.9086426	150.0	0.0	1.490158	0.0	0.0	0.0	0.331537	0.71599447	700.0	0.0	
830.0	0.9577	0.0	0.0423	0.0	0.0	0.0	0.0	0.0	0.0	1.490112	0.0	0.0	0.0	0.039738	0.91031308	150.0	0.0	1.490112	0.0	0.0	0.0	0.326502	0.71333671	700.0	0.0	
835.0	0.9558	0.0	0.0442	0.0	0.0	0.0	0.0	0.0	0.0	1.490067	0.0	0.0	0.0	0.039993	0.91477427	150.0	0.0	1.490067	0.0	0.0	0.0	0.321563	0.71059185	700.0	0.0	
840.0	0.9582	0.0	0.0418	0.0	0.0	0.0	0.0	0.0	0.0	1.490031	0.0	0.0	0.0	0.040392	0.90008477	150.0	0.0	1.490031	0.0	0.0	0.0	0.31667	0.70776279	700.0	0.0	
845.0	0.9433	0.0	0.0567	0.0	0.0	0.0	0.0	0.0	0.0	1.490014	0.0	0.0	0.0	0.03966	0.9061746	150.0	0.0	1.490014	0.0	0.0	0.0	0.311775	0.70485177	700.0	0.0	
850.0	0.9519	0.0	0.0481	0.0	0.0	0.0	0.0	0.0	0.0	1.489995	0.0	0.0	0.0	0.039737	0.91183175	150.0	0.0	1.489995	0.0	0.0	0.0	0.307003	0.70185599	700.0	0.0	
855.0	0.9471	0.0	0.0529	0.0	0.0	0.0	0.0	0.0	0.0	1.489966	0.0	0.0	0.0	0.039182	0.90665096	150.0	0.0	1.489966	0.0	0.0	0.0	0.302376	0.69877516	700.0	0.0	
860.0	0.9563	0.0	0.0437	0.0	0.0	0.0	0.0	0.0	0.0	1.489938	0.0	0.0	0.0	0.038659	0.91267145	150.0	0.0	1.489938	0.0	0.0	0.0	0.297856	0.69561313	700.0	0.0	
865.0	0.9539	0.0	0.0461	0.0	0.0	0.0	0.0	0.0	0.0	1.489892	0.0	0.0	0.0	0.039044	0.90489021	150.0	0.0	1.489892	0.0	0.0	0.0	0.293505	0.69236742	700.0	0.0	
870.0	0.9596	0.0	0.0404	0.0	0.0	0.0	0.0	0.0	0.0	1.489846	0.0	0.0	0.0	0.038038	0.90488692	150.0	0.0	1.489846	0.0	0.0	0.0	0.289252	0.68904438	700.0	0.0	
875.0	0.9519	0.0	0.0481	0.0	0.0	0.0	0.0	0.0	0.0	1.489824	0.0	0.0	0.0	0.037576	0.91054548	150.0	0.0	1.489824	0.0	0.0	0.0	0.285098	0.68565522	700.0	0.0	
880.0	0.9486	0.0	0.0514	0.0	0.0	0.0	0.0	0.0	0.0	1.489806	0.0	0.0	0.0	0.038626	0.88234076	150.0	0.0	1.489806	0.0	0.0	0.0	0.281038	0.68219599	700.0	0.0	
885.0	0.95	0.0	0.05	0.0	0.0	0.0	0.0	0.0	0.0	1.489782	0.0	0.0	0.0	0.036938	0.89768532	150.0	0.0	1.489782	0.0	0.0	0.0	0.277068	0.67866438	700.0	0.0	
890.0	0.9466	0.0	0.0534	0.0	0.0	0.0	0.0	0.0	0.0	1.489754	0.0	0.0	0.0	0.036282	0.90766874	150.0	0.0	1.489754	0.0	0.0	0.0	0.273186	0.67506402	700.0	0.0	
895.0	0.9591	0.0	0.0409	0.0	0.0	0.0	0.0	0.0	0.0	1.48973	0.0	0.0	0.0	0.03756	0.86995269	150.0	0.0	1.48973	0.0	0.0	0.0	0.269346	0.67139949	700.0	0.0	

Input file:
mc
output:dual_layer_example
particle1:cals_red.txt
particle2:baso4.txt
matrix1:acrylic.txt
mesh:1
light:am15.txt
emit1:cals_emis.txt
excit_start_end1:302,700
qy1:cals_qy.txt
photons:2000
start:300
end:900
interval:5

sim:3
upper:1
lower:1
layer1
matrix1
t:150
particle1
fluor:1
d:10
vf:10
dist:0
layer2
matrix1
t:700
particle2
fluor:0
d:0.4
vf:60
dist:0
