300	0.00045631
303	0.0037332
306	0.01015
309	0.022298
312	0.050898
315	0.073686
318	0.095815
321	0.13414
324	0.14852
327	0.21834
330	0.26192
333	0.24263
336	0.23813
339	0.27096
342	0.29121
345	0.27854
348	0.29306
351	0.34603
354	0.38523
357	0.29527
360	0.3924
363	0.40005
366	0.49508
369	0.47244
372	0.46506
375	0.41087
378	0.60314
381	0.54424
384	0.36689
387	0.47343
390	0.58457
393	0.35502
396	0.56443
399	0.80408
402	0.91387
405	0.87849
408	0.88488
411	0.9077
414	0.92134
417	0.96392
420	0.88467
423	0.96531
426	0.96667
429	0.87766
432	1.0628
435	1.007
438	0.99368
441	1.0859
444	1.1537
447	1.2257
450	1.2881
453	1.1854
456	1.3088
459	1.2859
462	1.3392
465	1.2905
468	1.3178
471	1.2975
474	1.3304
477	1.3392
480	1.3825
483	1.3742
486	1.0918
489	1.2492
492	1.2818
495	1.4238
498	1.3421
501	1.299
504	1.2682
507	1.3548
510	1.3497
513	1.3277
516	1.3514
519	1.2222
522	1.376
525	1.3859
528	1.3508
531	1.4348
534	1.3491
537	1.3229
540	1.3096
543	1.3493
546	1.3536
549	1.3752
552	1.3923
555	1.3883
558	1.3613
561	1.3885
564	1.3466
567	1.3673
570	1.324
573	1.3595
576	1.3118
579	1.323
582	1.3729
585	1.3737
588	1.3403
591	1.3171
594	1.3029
597	1.3303
600	1.3278
603	1.3205
606	1.3353
609	1.3292
612	1.337
615	1.3254
618	1.3228
621	1.3359
624	1.2751
627	1.3022
630	1.2589
633	1.311
636	1.2768
639	1.3238
642	1.2995
645	1.317
648	1.2625
651	1.3071
654	1.2807
657	1.1218
660	1.2668
663	1.2539
666	1.286
669	1.3032
672	1.2651
675	1.2639
678	1.2737
681	1.2601
684	1.2445
687	0.88285
690	1.0746
693	1.1446
696	1.1513
699	1.1721
702	1.15
705	1.1989
708	1.1839
711	1.1934
714	1.1823
717	1.0081
720	0.8994
723	1.0423
726	0.98638
729	0.95503
732	1.052
735	1.1101
738	1.1184
741	1.1078
744	1.1408
747	1.1389
750	1.1273
753	1.121
756	1.1185
759	1.0932
762	0.63491
765	0.63377
768	1.0222
771	1.0716
774	1.08
777	1.0764
780	1.0687
783	1.0672
786	1.0656
789	1.0359
792	1.0084
795	1.0066
798	1.0245
801	0.99978
804	0.99452
807	1.0018
810	0.97488
813	0.93236
816	0.77171
819	0.83844
822	0.88081
825	0.89752
828	0.7887
831	0.85666
834	0.86608
837	0.93493
840	0.94124
843	0.93171
846	0.94447
849	0.91447
852	0.89942
855	0.84746
858	0.92094
861	0.91648
864	0.90956
867	0.85066
870	0.89933
873	0.88999
876	0.88625
879	0.87144
882	0.86787
885	0.87913
888	0.85899
891	0.86255
894	0.79413
897	0.6231
900	0.69429
903	0.64483
906	0.72502
909	0.65912
912	0.64508
915	0.6355
918	0.55612
921	0.73004
924	0.67571
927	0.73684
930	0.40679
933	0.23459
936	0.15267
939	0.37591
942	0.38192
945	0.34729
948	0.25911
951	0.45563
954	0.39988
957	0.25591
960	0.39685
963	0.47585
966	0.47377
969	0.6448
972	0.64629
975	0.55536
978	0.57903
981	0.67058
984	0.6929
987	0.69489
990	0.68843
993	0.69325
996	0.70409
999	0.69455
1002	0.68498
1005	0.6414
1008	0.68407
1011	0.68034
1014	0.67848
1017	0.66237
1020	0.65839
1023	0.6549
1026	0.65625
1029	0.64687
1032	0.64852
1035	0.64348
1038	0.63361
1041	0.63379
1044	0.63067
1047	0.62008
1050	0.61802
1053	0.61302
1056	0.61055
1059	0.58453
1062	0.59782
1065	0.59461
1068	0.58561
1071	0.58304
1074	0.5878
1077	0.57175
1080	0.56519
1083	0.56603
1086	0.52496
1089	0.54856
1092	0.55048
1095	0.49363
1098	0.47709
1101	0.47169
1104	0.44412
1107	0.45866
1110	0.45496
1113	0.25599
1116	0.19223
1119	0.10821
1122	0.078159
1125	0.13794
1128	0.094946
1131	0.28201
1134	0.039988
1137	0.27472
1140	0.24447
1143	0.29758
1146	0.15085
1149	0.20894
1152	0.23666
1155	0.29903
1158	0.2977
1161	0.33167
1164	0.38332
1167	0.39105
1170	0.43731
1173	0.43522
1176	0.45447
1179	0.46114
1182	0.30903
1185	0.38908
1188	0.32039
1191	0.42638
1194	0.44751
1197	0.45527
1200	0.42789
1203	0.41441
1206	0.45872
1209	0.39548
1212	0.40572
1215	0.40851
1218	0.43842
1221	0.44413
1224	0.42788
1227	0.4136
1230	0.43928
1233	0.43359
1236	0.44795
1239	0.44194
1242	0.44179
1245	0.43622
1248	0.43828
1251	0.4326
1254	0.42416
1257	0.4163
1260	0.41235
1263	0.383
1266	0.36881
1269	0.23656
1272	0.39114
1275	0.39455
1278	0.40916
1281	0.39554
1284	0.40268
1287	0.40405
1290	0.39522
1293	0.39506
1296	0.37322
1299	0.39127
1302	0.37539
1305	0.36783
1308	0.33277
1311	0.32012
1314	0.2769
1317	0.29969
1320	0.24864
1323	0.22386
1326	0.26956
1329	0.17097
1332	0.14046
1335	0.22244
1338	0.17151
1341	0.16419
1344	0.073018
1347	0.058058
1350	0.015488
1353	9.29E-05
1356	4.65E-05
1359	7.10E-07
1362	1.75E-11
1365	8.78E-12
1368	1.43E-13
1371	1.91E-08
1374	0.0001735
1377	0.00011883
1380	7.90E-05
1383	4.27E-08
1386	2.44E-06
1389	0.00056338
1392	2.31E-05
1395	6.51E-07
1398	0.0012329
1401	1.02E-08
1404	0.00071755
1407	0.00016957
1410	0.00045332
1413	0.02269
1416	0.034561
1419	0.0020851
1422	0.045023
1425	0.025142
1428	0.004436
1431	0.048792
1434	0.020403
1437	0.029085
1440	0.038547
1443	0.043868
1446	0.022492
1449	0.099374
1452	0.060718
1455	0.064409
1458	0.13273
1461	0.087886
1464	0.1477
1467	0.035128
1470	0.048397
1473	0.068368
1476	0.066987
1479	0.1168
1482	0.056967
1485	0.12168
1488	0.091654
1491	0.19222
1494	0.19794
1497	0.22198
1500	0.24339
1503	0.17972
1506	0.25026
1509	0.18169
1512	0.25315
1515	0.25804
1518	0.24489
1521	0.26707
1524	0.26743
1527	0.25468
1530	0.24789
1533	0.26918
1536	0.26679
1539	0.26519
1542	0.26165
1545	0.26922
1548	0.2592
1551	0.26293
1554	0.25727
1557	0.26301
1560	0.25821
1563	0.25917
1566	0.25506
1569	0.24736
1572	0.23108
1575	0.23294
1578	0.22854
1581	0.24165
1584	0.24194
1587	0.24579
1590	0.23486
1593	0.25092
1596	0.23751
1599	0.23511
1602	0.2178
1605	0.2301
1608	0.22343
1611	0.22039
1614	0.23162
1617	0.22798
1620	0.22783
1623	0.23559
1626	0.23294
1629	0.23456
1632	0.23151
1635	0.22712
1638	0.21393
1641	0.21348
1644	0.21733
1647	0.22135
1650	0.21902
1653	0.21661
1656	0.21494
1659	0.21514
1662	0.21313
1665	0.20607
1668	0.20881
1671	0.21294
1674	0.21002
1677	0.20668
1680	0.20017
1683	0.20357
1686	0.20476
1689	0.20178
1692	0.20174
1695	0.20427
1698	0.20207
1701	0.19669
1704	0.194746667
1707	0.188914
1710	0.18316
1713	0.184204
1716	0.184382
1719	0.182828
1722	0.178854
1725	0.17367
1728	0.171342
1731	0.167348
1734	0.160022
1737	0.160168
1740	0.16405
1743	0.15625
1746	0.153164
1749	0.159506
1752	0.156696
1755	0.14931
1758	0.153372
1761	0.150798
1764	0.134952
1767	0.133126
1770	0.13831
1773	0.122602
1776	0.1093326
1779	0.1009404
1782	0.0889662
1785	0.075201
1788	0.082179
1791	0.0786376
1794	0.0540574
1797	0.0399632
1800	0.031112
1803	0.0211358
1806	0.01348324
1809	0.01047796
1812	0.00696944
1815	0.0032093
1818	0.001863188
1821	0.001021884
1824	0.001190196
1827	0.000749816
1830	5.09E-06
1833	5.80E-06
1836	5.03E-06
1839	1.30E-06
1842	2.49E-06
1845	6.13E-06
1848	4.21E-06
1851	2.40E-06
1854	8.09E-07
1857	4.53E-06
1860	1.09E-05
1863	1.44E-05
1866	1.33E-05
1869	3.33E-06
1872	3.34E-10
1875	4.43E-10
1878	4.57E-05
1881	6.95E-05
1884	4.97E-05
1887	0.000113701
1890	0.00021956
1893	0.000164282
1896	0.000102114
1899	2.62E-05
1902	7.33E-07
1905	5.58E-07
1908	1.39E-05
1911	2.21E-05
1914	2.03E-05
1917	0.000189608
1920	0.00044451
1923	0.00073176
1926	0.000847556
1929	0.000620444
1932	0.001743964
1935	0.0035428
1938	0.00335854
1941	0.00472996
1944	0.00921274
1947	0.013017
1950	0.016482
1953	0.0125244
1956	0.0122226
1959	0.0192324
1962	0.024187
1965	0.028114
1968	0.0400786
1971	0.05179
1974	0.062995
1977	0.0697316
1980	0.074234
1983	0.0786686
1986	0.0821248
1989	0.0836242
1992	0.0823892
1995	0.079787
1998	0.0544094
2001	0.0329422
2004	0.0192958
2007	0.0244766
2010	0.039071
2013	0.0313532
2016	0.0298142
2019	0.0406328
2022	0.055655
2025	0.072779
2028	0.0791876
2031	0.0857296
2034	0.0925384
2037	0.0922224
2040	0.088344
2043	0.0891192
2046	0.0850872
2049	0.0714408
2052	0.0617712
2055	0.05409
2058	0.0625302
2061	0.066718
2064	0.062401
2067	0.0624632
2070	0.064715
2073	0.071669
2076	0.0781496
2079	0.0836834
2082	0.0848556
2085	0.083847
2088	0.0862062
2091	0.0879074
2094	0.0882926
2097	0.0870002
2100	0.084869
2103	0.0890102
2106	0.0910808
2109	0.0890102
2112	0.0891152
2115	0.090308
2118	0.0878918
2121	0.0864854
2124	0.0870986
2127	0.0877506
2130	0.088422
2133	0.0885762
2136	0.0888212
2139	0.0892478
2142	0.0888868
2145	0.088132
2148	0.0852742
2151	0.0834084
2154	0.0835266
2157	0.0833044
2160	0.082912
2163	0.0782698
2166	0.0762952
2169	0.0796558
2172	0.0801684
2175	0.079257
2178	0.080061
2181	0.0791692
2184	0.0748858
2187	0.0752368
2190	0.077905
2193	0.0778618
2196	0.0763014
2199	0.0717066
2202	0.0712838
2205	0.072947
2208	0.0760832
2211	0.077577
2214	0.075786
2217	0.0757658
2220	0.076631
2223	0.0752924
2226	0.0744654
2229	0.0746616
2232	0.0741522
2235	0.07329
2238	0.0726
2241	0.0716942
2244	0.0703568
2247	0.0703602
2250	0.071034
2253	0.0685326
2256	0.0667206
2259	0.0662874
2262	0.0666278
2265	0.067355
2268	0.0654248
2271	0.0639722
2274	0.0634748
2277	0.0642058
2280	0.065551
2283	0.0636538
2286	0.062418
2289	0.062505
2292	0.0617616
2295	0.060603
2298	0.059157
2301	0.0582632
2304	0.0584738
2307	0.060402
2310	0.063189
2313	0.0597924
2316	0.0563202
2319	0.0526968
2322	0.0531438
2325	0.055626
2328	0.055989
2331	0.0564572
2334	0.0571358
2337	0.0525636
2340	0.045366
2343	0.0486678
2346	0.0489182
2349	0.0430658
2352	0.0434642
2355	0.046988
2358	0.0486296
2361	0.049561
2364	0.049072
2367	0.041551
2370	0.030514
2373	0.038428
2376	0.0433888
2379	0.0424432
2382	0.0374868
2385	0.030525
2388	0.0342588
2391	0.0374382
2394	0.0395088
2397	0.0416098
2400	0.043726
2403	0.037462
2406	0.0333296
2409	0.0334604
2412	0.0309256
2415	0.027058
2418	0.026638
2421	0.0276468
2424	0.0315132
2427	0.0375712
2430	0.044725
2433	0.026749
2436	0.0203972
2439	0.0372938
2442	0.0340184
2445	0.020657
2448	0.0163766
2451	0.0157574
2454	0.0224606
2457	0.0280798
2460	0.033157
2463	0.0276682
2466	0.0225342
2469	0.0181098
2472	0.0165282
2475	0.016368
2478	0.01134696
2481	0.00751648
2484	0.00606712
2487	0.00474868
2490	0.0034957
2493	0.0031171
2496	0.00369832
2499	0.00619918
2502	0.00482464
